           8           2
          17          12         136
   0           1   0           3   0          -1   0          -3   0          -5   0           1   0          -3   0           3   0          -1   0          -3   0          -5   0           1   0           3   0           5   0           7   0           5   0          -3
    0.000000E+00    1.145905E+00    1.161331E+00    1.161421E+00    1.161606E+00
    1.163117E+00    1.173541E+00    1.352519E+00    1.356653E+00    1.356678E+00
    1.356729E+00    1.356986E+00    1.358976E+00    1.358985E+00    1.359001E+00
    1.359135E+00    1.359996E+00
1.58197364E+00  2.974E-03  1.683E-03  5.052E-03  8.410E-03  8.155E-03  3.468E-02
                9.918E-04  5.244E-04  1.575E-03  2.628E-03  1.654E-03  1.850E-04
                3.094E-04  4.316E-04  4.641E-04  6.468E-03  6.973E-01  2.055E+00
                3.302E+00  1.936E-02  2.368E-02  2.063E-01  3.199E-02  9.579E-02
                1.591E-01  2.368E-03  9.964E-02  1.650E-01  2.322E-01  2.332E-02
                7.686E-03  5.567E-02  8.683E-02  2.488E-03  1.624E-02  7.729E-03
                6.884E-02  5.422E-03  1.288E-02  9.706E-04  3.925E-01  1.113E-02
                1.762E-02  8.937E-03  4.032E-03  2.644E-01  7.685E-03  4.898E-02
                2.324E-02  5.414E-03  2.207E-01  3.583E-02  2.914E-03  3.100E-01
                8.993E-01  5.138E-02  3.063E-02  1.209E-02  1.244E-02  8.235E-02
                3.893E-02  1.296E-02  3.592E-02  3.897E-01  4.852E-03  5.661E-02
                3.490E-01  1.704E+00  4.451E-02  2.012E-02  2.041E+00  2.682E-03
                8.767E-04  2.648E-03  4.386E-03  9.550E-02  4.528E-03  8.717E-03
                1.056E-02  1.787E-01  1.177E-01  8.054E-03  3.820E-03  1.147E-02
                1.909E-02  2.370E-02  1.665E-02  3.521E-02  3.852E-02  1.411E+00
                3.139E-01  2.903E+00  8.531E+00  1.363E+01  2.490E-02  6.233E-01
                1.029E+00  1.445E+00  3.444E-02  2.114E-02  5.076E-02  6.271E-01
                2.173E-03  3.687E+00  1.434E-02  9.315E-02  1.021E-02  1.314E-02
                1.473E+00  7.565E-03  2.817E+00  8.200E+00  2.066E-01  7.094E-02
                4.023E-02  1.086E-02  3.649E-01  2.969E+00  1.501E+01  7.011E-02
                6.735E-02  5.605E-03  1.608E-02  1.308E-02  9.939E-01  8.016E+00
                6.758E-01  1.666E-01  7.848E-02  1.852E-02  8.465E-01  1.301E-01
                8.820E-02  1.900E-01  4.232E-02  1.077E+01
1.83541759E+00  2.470E-03  1.313E-03  3.943E-03  6.560E-03  8.829E-03  4.283E-02
                7.439E-04  4.025E-04  1.209E-03  2.017E-03  1.777E-03  1.245E-04
                2.094E-04  2.904E-04  4.895E-04  8.243E-03  6.250E-01  1.844E+00
                2.970E+00  1.525E-02  1.383E-02  2.213E-01  4.526E-02  1.350E-01
                2.222E-01  1.213E-03  1.175E-01  1.938E-01  2.707E-01  1.168E-02
                3.459E-03  3.893E-02  8.462E-02  1.452E-03  1.027E-02  8.800E-03
                7.422E-02  3.090E-03  1.276E-02  4.359E-04  5.050E-01  4.990E-03
                1.625E-02  3.778E-03  1.928E-03  2.386E-01  4.555E-03  3.108E-02
                2.658E-02  3.086E-03  2.351E-01  3.272E-02  1.310E-03  3.869E-01
                1.144E+00  3.979E-02  1.670E-02  5.789E-03  7.257E-03  5.249E-02
                4.490E-02  1.307E-02  3.318E-02  4.078E-01  2.179E-03  5.727E-02
                4.193E-01  2.136E+00  2.051E-02  9.622E-03  1.842E+00  1.463E-03
                3.757E-04  1.153E-03  1.880E-03  1.037E-01  2.098E-03  4.963E-03
                4.894E-03  2.179E-01  1.726E-01  3.519E-03  1.825E-03  5.484E-03
                9.120E-03  3.231E-02  6.926E-03  2.124E-02  1.594E-02  1.794E+00
                3.414E-01  2.189E+00  6.449E+00  1.036E+01  1.869E-02  5.552E-01
                9.155E-01  1.285E+00  1.492E-02  8.488E-03  2.970E-02  5.591E-01
                8.281E-04  2.896E+00  5.561E-03  9.403E-02  3.427E-03  7.646E-03
                1.294E+00  3.286E-03  2.197E+00  6.474E+00  1.960E-01  4.208E-02
                2.371E-02  4.141E-03  3.202E-01  2.352E+00  1.184E+01  3.274E-02
                3.991E-02  1.746E-03  8.945E-03  4.074E-03  8.853E-01  6.138E+00
                5.809E-01  1.424E-01  3.605E-02  6.328E-03  7.235E-01  6.145E-02
                5.631E-02  9.356E-02  1.410E-02  8.587E+00
2.08886155E+00  2.098E-03  1.052E-03  3.161E-03  5.257E-03  9.470E-03  5.037E-02
                6.010E-04  3.192E-04  9.594E-04  1.600E-03  1.901E-03  8.910E-05
                1.513E-04  2.079E-04  5.526E-04  9.886E-03  5.743E-01  1.696E+00
                2.738E+00  1.279E-02  8.983E-03  2.291E-01  5.388E-02  1.596E-01
                2.584E-01  7.335E-04  1.252E-01  2.052E-01  2.841E-01  7.301E-03
                1.934E-03  2.936E-02  8.352E-02  9.408E-04  7.365E-03  9.632E-03
                7.705E-02  2.083E-03  1.248E-02  2.470E-04  5.666E-01  2.821E-03
                1.609E-02  2.030E-03  1.115E-03  2.242E-01  3.007E-03  2.235E-02
                2.931E-02  2.080E-03  2.428E-01  3.090E-02  7.443E-04  4.322E-01
                1.272E+00  3.634E-02  1.224E-02  3.351E-03  4.703E-03  3.787E-02
                5.015E-02  1.309E-02  3.182E-02  4.178E-01  1.235E-03  5.960E-02
                4.622E-01  2.350E+00  1.259E-02  5.564E-03  1.701E+00  9.367E-04
                2.051E-04  6.454E-04  1.026E-03  1.078E-01  1.193E-03  3.554E-03
                2.783E-03  2.310E-01  2.023E-01  1.961E-03  1.065E-03  3.207E-03
                5.324E-03  3.746E-02  3.706E-03  1.692E-02  8.463E-03  1.978E+00
                3.532E-01  1.752E+00  5.165E+00  8.317E+00  1.588E-02  4.988E-01
                8.218E-01  1.152E+00  9.750E-03  4.690E-03  2.155E-02  5.009E-01
                4.353E-04  2.378E+00  3.103E-03  9.176E-02  1.684E-03  5.891E-03
                1.154E+00  1.950E-03  1.800E+00  5.335E+00  1.880E-01  3.133E-02
                1.837E-02  2.176E-03  2.883E-01  1.954E+00  9.747E+00  2.153E-02
                3.096E-02  8.271E-04  6.797E-03  1.929E-03  7.939E-01  4.941E+00
                5.246E-01  1.349E-01  2.452E-02  3.181E-03  6.583E-01  4.267E-02
                4.323E-02  6.615E-02  6.889E-03  7.101E+00
2.34230550E+00  1.773E-03  8.408E-04  2.528E-03  4.201E-03  9.821E-03  5.707E-02
                5.006E-04  2.532E-04  7.613E-04  1.269E-03  2.002E-03  6.597E-05
                1.134E-04  1.539E-04  6.204E-04  1.130E-02  5.349E-01  1.581E+00
                2.556E+00  1.084E-02  6.285E-03  2.337E-01  5.810E-02  1.708E-01
                2.719E-01  4.884E-04  1.271E-01  2.073E-01  2.849E-01  5.199E-03
                1.228E-03  2.303E-02  8.265E-02  6.557E-04  5.631E-03  9.857E-03
                7.876E-02  1.530E-03  1.190E-02  1.587E-04  5.918E-01  1.822E-03
                1.606E-02  1.255E-03  7.199E-04  2.144E-01  2.140E-03  1.713E-02
                3.021E-02  1.527E-03  2.472E-01  2.895E-02  4.796E-04  4.521E-01
                1.319E+00  3.483E-02  1.021E-02  2.166E-03  3.278E-03  2.908E-02
                5.242E-02  1.274E-02  3.022E-02  4.233E-01  7.934E-04  6.088E-02
                4.807E-01  2.416E+00  9.088E-03  3.592E-03  1.589E+00  6.566E-04
                1.281E-04  4.158E-04  6.414E-04  1.102E-01  7.646E-04  2.853E-03
                1.784E-03  2.321E-01  2.126E-01  1.246E-03  6.958E-04  2.099E-03
                3.477E-03  3.929E-02  2.296E-03  1.488E-02  5.190E-03  2.032E+00
                3.581E-01  1.438E+00  4.239E+00  6.835E+00  1.392E-02  4.491E-01
                7.394E-01  1.037E+00  7.451E-03  3.007E-03  1.701E-02  4.499E-01
                2.663E-04  1.993E+00  2.014E-03  8.737E-02  9.922E-04  4.934E-03
                1.034E+00  1.327E-03  1.507E+00  4.482E+00  1.778E-01  2.512E-02
                1.543E-02  1.330E-03  2.603E-01  1.655E+00  8.188E+00  1.612E-02
                2.601E-02  4.773E-04  5.663E-03  1.112E-03  7.133E-01  4.065E+00
                4.801E-01  1.288E-01  1.925E-02  1.920E-03  6.073E-01  3.394E-02
                3.520E-02  5.296E-02  4.037E-03  5.980E+00
2.59574945E+00  1.547E-03  6.977E-04  2.100E-03  3.486E-03  1.022E-02  6.366E-02
                4.318E-04  2.095E-04  6.305E-04  1.050E-03  2.136E-03  5.072E-05
                8.865E-05  1.183E-04  6.875E-04  1.265E-02  5.023E-01  1.486E+00
                2.405E+00  9.371E-03  4.650E-03  2.367E-01  5.917E-02  1.727E-01
                2.707E-01  3.470E-04  1.260E-01  2.048E-01  2.799E-01  4.022E-03
                8.470E-04  1.871E-02  8.187E-02  4.826E-04  4.559E-03  9.660E-03
                7.989E-02  1.185E-03  1.119E-02  1.106E-04  5.946E-01  1.280E-03
                1.599E-02  8.481E-04  5.002E-04  2.073E-01  1.610E-03  1.389E-02
                2.980E-02  1.183E-03  2.498E-01  2.693E-02  3.354E-04  4.554E-01
                1.318E+00  3.391E-02  9.032E-03  1.507E-03  2.412E-03  2.362E-02
                5.236E-02  1.218E-02  2.842E-02  4.264E-01  5.529E-04  6.110E-02
                4.831E-01  2.397E+00  7.215E-03  2.496E-03  1.495E+00  4.879E-04
                8.721E-05  2.924E-04  4.365E-04  1.117E-01  5.302E-04  2.436E-03
                1.237E-03  2.280E-01  2.110E-01  8.623E-04  4.889E-04  1.478E-03
                2.443E-03  3.901E-02  1.561E-03  1.356E-02  3.489E-03  2.014E+00
                3.597E-01  1.198E+00  3.531E+00  5.702E+00  1.222E-02  4.055E-01
                6.676E-01  9.361E-01  6.113E-03  2.087E-03  1.390E-02  4.057E-01
                1.767E-04  1.691E+00  1.409E-03  8.203E-02  6.471E-04  4.222E-03
                9.309E-01  9.697E-04  1.277E+00  3.813E+00  1.665E-01  2.082E-02
                1.322E-02  8.804E-04  2.353E-01  1.420E+00  6.968E+00  1.283E-02
                2.229E-02  3.073E-04  4.898E-03  7.136E-04  6.428E-01  3.391E+00
                4.420E-01  1.225E-01  1.595E-02  1.284E-03  5.632E-01  2.837E-02
                2.945E-02  4.426E-02  2.621E-03  5.095E+00
2.84919341E+00  1.367E-03  5.747E-04  1.731E-03  2.871E-03  1.061E-02  6.898E-02
                3.666E-04  1.704E-04  5.132E-04  8.542E-04  2.157E-03  3.957E-05
                7.062E-05  9.232E-05  7.496E-04  1.385E-02  4.744E-01  1.404E+00
                2.275E+00  8.469E-03  3.591E-03  2.388E-01  5.826E-02  1.689E-01
                2.611E-01  2.587E-04  1.234E-01  2.000E-01  2.725E-01  3.288E-03
                6.200E-04  1.584E-02  8.089E-02  3.704E-04  3.873E-03  9.227E-03
                8.067E-02  9.513E-04  1.045E-02  8.138E-05  5.845E-01  9.506E-04
                1.586E-02  6.100E-04  3.663E-04  2.016E-01  1.265E-03  1.182E-02
                2.863E-02  9.498E-04  2.514E-01  2.499E-02  2.477E-04  4.489E-01
                1.289E+00  3.317E-02  8.207E-03  1.106E-03  1.852E-03  2.012E-02
                5.086E-02  1.151E-02  2.658E-02  4.281E-01  4.068E-04  6.056E-02
                4.758E-01  2.332E+00  6.063E-03  1.828E-03  1.414E+00  3.783E-04
                6.311E-05  2.187E-04  3.158E-04  1.127E-01  3.883E-04  2.158E-03
                9.059E-04  2.217E-01  2.027E-01  6.307E-04  3.618E-04  1.096E-03
                1.808E-03  3.756E-02  1.133E-03  1.254E-02  2.500E-03  1.958E+00
                3.597E-01  1.010E+00  2.976E+00  4.814E+00  1.050E-02  3.678E-01
                6.057E-01  8.494E-01  5.209E-03  1.513E-03  1.141E-02  3.679E-01
                1.224E-04  1.448E+00  1.027E-03  7.646E-02  4.490E-04  3.579E-03
                8.434E-01  7.373E-04  1.094E+00  3.274E+00  1.550E-01  1.760E-02
                1.123E-02  6.082E-04  2.130E-01  1.229E+00  5.989E+00  1.057E-02
                1.891E-02  2.112E-04  4.322E-03  4.885E-04  5.819E-01  2.861E+00
                4.084E-01  1.163E-01  1.343E-02  9.142E-04  5.239E-01  2.399E-02
                2.505E-02  3.723E-02  1.811E-03  4.381E+00
3.10263736E+00  1.190E-03  4.937E-04  1.489E-03  2.467E-03  1.090E-02  7.479E-02
                3.254E-04  1.463E-04  4.411E-04  7.336E-04  2.272E-03  3.202E-05
                5.852E-05  7.471E-05  8.066E-04  1.508E-02  4.499E-01  1.332E+00
                2.160E+00  7.280E-03  2.848E-03  2.403E-01  5.614E-02  1.618E-01
                2.470E-01  1.997E-04  1.201E-01  1.942E-01  2.641E-01  2.794E-03
                4.736E-04  1.323E-02  7.989E-02  2.916E-04  3.219E-03  8.681E-03
                8.125E-02  7.846E-04  9.743E-03  6.231E-05  5.672E-01  7.365E-04
                1.568E-02  4.591E-04  2.791E-04  1.961E-01  1.021E-03  9.840E-03
                2.707E-02  7.833E-04  2.525E-01  2.316E-02  1.904E-04  4.368E-01
                1.247E+00  3.251E-02  7.563E-03  8.436E-04  1.458E-03  1.675E-02
                4.856E-02  1.082E-02  2.478E-02  4.291E-01  3.114E-04  5.955E-02
                4.630E-01  2.244E+00  5.279E-03  1.393E-03  1.341E+00  3.025E-04
                4.765E-05  1.704E-04  2.383E-04  1.135E-01  2.964E-04  1.956E-03
                6.912E-04  2.146E-01  1.911E-01  4.810E-04  2.783E-04  8.450E-04
                1.391E-03  3.554E-02  8.619E-04  1.168E-02  1.876E-03  1.882E+00
                3.590E-01  8.604E-01  2.535E+00  4.105E+00  9.555E-03  3.357E-01
                5.529E-01  7.754E-01  4.548E-03  1.141E-03  9.897E-03  3.359E-01
                8.826E-05  1.251E+00  7.701E-04  7.105E-02  3.258E-04  3.227E-03
                7.700E-01  5.801E-04  9.440E-01  2.833E+00  1.439E-01  1.507E-02
                1.013E-02  4.378E-04  1.934E-01  1.072E+00  5.190E+00  8.901E-03
                1.706E-02  1.515E-04  3.868E-03  3.488E-04  5.300E-01  2.438E+00
                3.800E-01  1.102E-01  1.193E-02  6.807E-04  4.898E-01  2.142E-02
                2.156E-02  3.320E-02  1.310E-03  3.797E+00
3.35608131E+00  1.099E-03  4.138E-04  1.250E-03  2.068E-03  1.119E-02  7.919E-02
                2.897E-04  1.220E-04  3.680E-04  6.114E-04  2.330E-03  2.591E-05
                4.876E-05  6.047E-05  8.576E-04  1.599E-02  4.279E-01  1.267E+00
                2.056E+00  6.747E-03  2.333E-03  2.414E-01  5.338E-02  1.530E-01
                2.310E-01  1.587E-04  1.164E-01  1.881E-01  2.554E-01  2.441E-03
                3.732E-04  1.165E-02  7.888E-02  2.371E-04  2.890E-03  8.103E-03
                8.169E-02  6.607E-04  9.076E-03  4.941E-05  5.462E-01  5.879E-04
                1.546E-02  3.576E-04  2.194E-04  1.919E-01  8.502E-04  8.846E-03
                2.537E-02  6.596E-04  2.532E-01  2.148E-02  1.516E-04  4.216E-01
                1.197E+00  3.184E-02  7.027E-03  6.642E-04  1.185E-03  1.507E-02
                4.589E-02  1.013E-02  2.307E-02  4.297E-01  2.469E-04  5.821E-02
                4.473E-01  2.146E+00  4.704E-03  1.095E-03  1.276E+00  2.487E-04
                3.715E-05  1.369E-04  1.857E-04  1.140E-01  2.332E-04  1.800E-03
                5.438E-04  2.072E-01  1.781E-01  3.797E-04  2.209E-04  6.720E-04
                1.104E-03  3.332E-02  6.793E-04  1.092E-02  1.458E-03  1.798E+00
                3.579E-01  7.399E-01  2.178E+00  3.533E+00  8.352E-03  3.082E-01
                5.080E-01  7.122E-01  4.039E-03  8.737E-04  8.410E-03  3.089E-01
                6.421E-05  1.087E+00  5.862E-04  6.602E-02  2.426E-04  2.793E-03
                7.076E-01  4.639E-04  8.206E-01  2.469E+00  1.337E-01  1.303E-02
                8.787E-03  3.180E-04  1.761E-01  9.420E-01  4.531E+00  7.608E-03
                1.478E-02  1.116E-04  3.501E-03  2.558E-04  4.858E-01  2.097E+00
                3.541E-01  1.044E-01  1.038E-02  5.205E-04  4.588E-01  1.868E-02
                1.872E-02  2.877E-02  9.732E-04  3.313E+00
3.60952526E+00  9.371E-04  3.654E-04  1.105E-03  1.825E-03  1.139E-02  8.419E-02
                2.516E-04  1.070E-04  3.231E-04  5.363E-04  2.364E-03  2.172E-05
                4.212E-05  5.069E-05  9.016E-04  1.714E-02  4.081E-01  1.208E+00
                1.962E+00  5.858E-03  1.934E-03  2.423E-01  5.029E-02  1.434E-01
                2.144E-01  1.287E-04  1.127E-01  1.819E-01  2.469E-01  2.176E-03
                3.017E-04  9.966E-03  7.772E-02  1.948E-04  2.449E-03  7.532E-03
                8.201E-02  5.651E-04  8.469E-03  3.987E-05  5.236E-01  4.807E-04
                1.521E-02  2.863E-04  1.764E-04  1.872E-01  7.168E-04  7.506E-03
                2.365E-02  5.642E-04  2.536E-01  1.997E-02  1.228E-04  4.050E-01
                1.144E+00  3.118E-02  6.564E-03  5.350E-04  9.738E-04  1.278E-02
                4.309E-02  9.477E-03  2.148E-02  4.299E-01  1.992E-04  5.670E-02
                4.302E-01  2.045E+00  4.259E-03  8.807E-04  1.217E+00  2.070E-04
                2.969E-05  1.124E-04  1.483E-04  1.144E-01  1.881E-04  1.675E-03
                4.384E-04  1.999E-01  1.648E-01  3.056E-04  1.790E-04  5.455E-04
                8.939E-04  3.110E-02  5.505E-04  1.023E-02  1.165E-03  1.712E+00
                3.565E-01  6.416E-01  1.888E+00  3.067E+00  7.584E-03  2.849E-01
                4.697E-01  6.583E-01  3.638E-03  6.870E-04  7.411E-03  2.860E-01
                4.795E-05  9.515E-01  4.530E-04  6.141E-02  1.849E-04  2.531E-03
                6.552E-01  3.793E-04  7.180E-01  2.166E+00  1.244E-01  1.137E-02
                7.970E-03  2.374E-04  1.610E-01  8.327E-01  3.981E+00  6.583E-03
                1.340E-02  8.407E-05  3.200E-03  1.920E-04  4.483E-01  1.818E+00
                3.320E-01  9.889E-02  9.384E-03  4.077E-04  4.318E-01  1.693E-02
                1.639E-02  2.599E-02  7.416E-04  2.909E+00
3.86296922E+00  9.160E-04  3.158E-04  9.572E-04  1.578E-03  1.185E-02  8.807E-02
                2.373E-04  9.254E-05  2.799E-04  4.639E-04  2.495E-03  1.825E-05
                3.665E-05  4.258E-05  9.421E-04  1.792E-02  3.900E-01  1.155E+00
                1.876E+00  5.538E-03  1.648E-03  2.430E-01  4.710E-02  1.337E-01
                1.981E-01  1.064E-04  1.089E-01  1.758E-01  2.386E-01  1.970E-03
                2.486E-04  9.022E-03  7.665E-02  1.647E-04  2.275E-03  7.004E-03
                8.232E-02  4.903E-04  7.916E-03  3.310E-05  5.005E-01  4.004E-04
                1.493E-02  2.340E-04  1.452E-04  1.836E-01  6.204E-04  6.978E-03
                2.204E-02  4.896E-04  2.541E-01  1.861E-02  1.024E-04  3.879E-01
                1.091E+00  3.051E-02  6.154E-03  4.409E-04  8.231E-04  1.189E-02
                4.038E-02  8.863E-03  2.002E-02  4.301E-01  1.654E-04  5.508E-02
                4.125E-01  1.945E+00  3.898E-03  7.248E-04  1.162E+00  1.767E-04
                2.422E-05  9.406E-05  1.208E-04  1.147E-01  1.547E-04  1.571E-03
                3.603E-04  1.929E-01  1.518E-01  2.527E-04  1.486E-04  4.540E-04
                7.422E-04  2.900E-02  4.559E-04  9.614E-03  9.503E-04  1.628E+00
                3.553E-01  5.608E-01  1.650E+00  2.683E+00  6.772E-03  2.650E-01
                4.371E-01  6.123E-01  3.315E-03  5.455E-04  6.481E-03  2.665E-01
                3.590E-05  8.375E-01  3.532E-04  5.724E-02  1.430E-04  2.241E-03
                6.103E-01  3.137E-04  6.319E-01  1.911E+00  1.160E-01  9.985E-03
                7.069E-03  1.778E-04  1.478E-01  7.405E-01  3.518E+00  5.751E-03
                1.187E-02  6.425E-05  2.950E-03  1.464E-04  4.163E-01  1.590E+00
                3.120E-01  9.377E-02  8.376E-03  3.246E-04  4.072E-01  1.513E-02
                1.444E-02  2.308E-02  5.743E-04  2.569E+00
4.11641317E+00  7.682E-04  2.753E-04  8.360E-04  1.375E-03  1.165E-02  9.181E-02
                2.060E-04  8.007E-05  2.425E-04  4.014E-04  2.445E-03  1.543E-05
                3.221E-05  3.600E-05  9.758E-04  1.878E-02  3.734E-01  1.106E+00
                1.797E+00  4.780E-03  1.406E-03  2.434E-01  4.393E-02  1.242E-01
                1.824E-01  8.924E-05  1.053E-01  1.699E-01  2.307E-01  1.804E-03
                2.081E-04  7.784E-03  7.549E-02  1.391E-04  1.937E-03  6.514E-03
                8.247E-02  4.294E-04  7.424E-03  2.765E-05  4.777E-01  3.387E-04
                1.464E-02  1.949E-04  1.209E-04  1.795E-01  5.384E-04  5.950E-03
                2.053E-02  4.288E-04  2.541E-01  1.740E-02  8.594E-05  3.708E-01
                1.040E+00  2.984E-02  5.787E-03  3.677E-04  6.955E-04  1.013E-02
                3.777E-02  8.299E-03  1.871E-02  4.298E-01  1.382E-04  5.343E-02
                3.950E-01  1.848E+00  3.600E-03  6.034E-04  1.112E+00  1.511E-04
                2.005E-05  7.967E-05  9.985E-05  1.149E-01  1.294E-04  1.483E-03
                3.010E-04  1.862E-01  1.395E-01  2.106E-04  1.243E-04  3.805E-04
                6.207E-04  2.706E-02  3.845E-04  9.051E-03  7.899E-04  1.546E+00
                3.538E-01  4.938E-01  1.452E+00  2.364E+00  6.229E-03  2.479E-01
                4.091E-01  5.726E-01  3.050E-03  4.438E-04  5.833E-03  2.499E-01
                2.760E-05  7.412E-01  2.786E-04  5.348E-02  1.122E-04  2.064E-03
                5.722E-01  2.645E-04  5.591E-01  1.695E+00  1.084E-01  8.827E-03
                6.516E-03  1.369E-04  1.362E-01  6.619E-01  3.126E+00  5.067E-03
                1.094E-02  4.992E-05  2.739E-03  1.136E-04  3.889E-01  1.400E+00
                2.948E-01  8.908E-02  7.709E-03  2.625E-04  3.856E-01  1.394E-02
                1.281E-02  2.122E-02  4.523E-04  2.281E+00
4.36985712E+00  7.512E-04  2.557E-04  7.777E-04  1.277E-03  1.253E-02  9.594E-02
                1.899E-04  7.413E-05  2.248E-04  3.716E-04  2.620E-03  1.364E-05
                2.946E-05  3.183E-05  1.005E-03  1.976E-02  3.579E-01  1.060E+00
                1.723E+00  4.669E-03  1.231E-03  2.439E-01  4.088E-02  1.151E-01
                1.678E-01  7.570E-05  1.018E-01  1.642E-01  2.231E-01  1.668E-03
                1.761E-04  7.262E-03  7.429E-02  1.209E-04  1.856E-03  6.084E-03
                8.276E-02  3.806E-04  6.982E-03  2.361E-05  4.555E-01  2.900E-04
                1.433E-02  1.645E-04  1.028E-04  1.761E-01  4.785E-04  5.706E-03
                1.919E-02  3.800E-04  2.545E-01  1.631E-02  7.372E-05  3.542E-01
                9.899E-01  2.916E-02  5.454E-03  3.131E-04  6.041E-04  9.718E-03
                3.540E-02  7.780E-03  1.751E-02  4.302E-01  1.180E-04  5.175E-02
                3.779E-01  1.756E+00  3.343E-03  5.131E-04  1.065E+00  1.319E-04
                1.679E-05  6.820E-05  8.348E-05  1.151E-01  1.095E-04  1.406E-03
                2.546E-04  1.798E-01  1.281E-01  1.791E-04  1.067E-04  3.272E-04
                5.326E-04  2.532E-02  3.289E-04  8.534E-03  6.658E-04  1.468E+00
                3.530E-01  4.377E-01  1.287E+00  2.097E+00  5.522E-03  2.332E-01
                3.849E-01  5.384E-01  2.831E-03  3.619E-04  5.110E-03  2.355E-01
                2.101E-05  6.593E-01  2.209E-04  5.011E-02  8.888E-05  1.816E-03
                5.389E-01  2.243E-04  4.973E-01  1.511E+00  1.015E-01  7.849E-03
                5.745E-03  1.044E-04  1.259E-01  5.947E-01  2.791E+00  4.496E-03
                9.628E-03  3.919E-05  2.561E-03  8.909E-05  3.654E-01  1.241E+00
                2.788E-01  8.469E-02  6.892E-03  2.146E-04  3.656E-01  1.246E-02
                1.142E-02  1.881E-02  3.600E-04  2.036E+00
