           8           2
          17          12         136
   0           1   0           3   0          -1   0          -3   0          -5   0           1   0          -3   0           3   0          -1   0          -3   0          -5   0           1   0           3   0           5   0           7   0           5   0          -3
    0.000000E+00    1.145905E+00    1.161331E+00    1.161421E+00    1.161606E+00
    1.163117E+00    1.173541E+00    1.352519E+00    1.356653E+00    1.356678E+00
    1.356729E+00    1.356986E+00    1.358976E+00    1.358985E+00    1.359001E+00
    1.359135E+00    1.359996E+00
1.48693216E+00  3.213E-03  1.831E-03  5.496E-03  9.150E-03  7.848E-03  3.123E-02
                1.154E-03  5.743E-04  1.725E-03  2.879E-03  1.613E-03  2.181E-04
                3.644E-04  5.089E-04  4.870E-04  5.686E-03  7.345E-01  2.164E+00
                3.475E+00  2.184E-02  2.995E-02  1.965E-01  2.635E-02  7.894E-02
                1.312E-01  3.286E-03  8.939E-02  1.482E-01  2.085E-01  3.302E-02
                1.132E-02  6.532E-02  8.838E-02  3.147E-03  2.011E-02  7.855E-03
                6.535E-02  7.300E-03  1.336E-02  1.465E-03  3.349E-01  1.655E-02
                1.957E-02  1.360E-02  5.779E-03  2.799E-01  9.676E-03  6.058E-02
                2.361E-02  7.290E-03  2.120E-01  3.924E-02  4.397E-03  2.742E-01
                7.737E-01  6.304E-02  4.370E-02  1.733E-02  1.573E-02  1.017E-01
                3.950E-02  1.340E-02  3.928E-02  3.801E-01  7.325E-03  5.967E-02
                3.199E-01  1.481E+00  6.657E-02  2.883E-02  2.148E+00  3.635E-03
                1.338E-03  4.028E-03  6.693E-03  8.987E-02  6.568E-03  1.192E-02
                1.533E-02  1.526E-01  9.131E-02  1.233E-02  5.534E-03  1.660E-02
                2.765E-02  2.060E-02  2.560E-02  4.888E-02  5.933E-02  1.205E+00
                2.951E-01  3.383E+00  9.920E+00  1.577E+01  3.258E-02  6.601E-01
                1.090E+00  1.530E+00  6.030E-02  3.556E-02  7.298E-02  6.590E-01
                3.730E-03  4.178E+00  2.549E-02  9.345E-02  1.908E-02  2.028E-02
                1.572E+00  1.239E-02  3.214E+00  9.253E+00  2.229E-01  1.030E-01
                6.159E-02  1.865E-02  3.978E-01  3.367E+00  1.692E+01  1.161E-01
                1.027E-01  1.094E-02  2.528E-02  2.552E-02  1.049E+00  9.221E+00
                7.534E-01  2.065E-01  1.349E-01  3.429E-02  9.665E-01  2.216E-01
                1.212E-01  3.169E-01  7.892E-02  1.200E+01
1.74037611E+00  2.670E-03  1.443E-03  4.333E-03  7.211E-03  8.661E-03  3.983E-02
                8.283E-04  4.452E-04  1.338E-03  2.232E-03  1.756E-03  1.432E-04
                2.403E-04  3.342E-04  4.725E-04  7.586E-03  6.487E-01  1.913E+00
                3.078E+00  1.652E-02  1.668E-02  2.169E-01  4.076E-02  1.218E-01
                2.015E-01  1.520E-03  1.123E-01  1.855E-01  2.600E-01  1.465E-02
                4.517E-03  4.406E-02  8.518E-02  1.752E-03  1.195E-02  8.354E-03
                7.263E-02  3.713E-03  1.278E-02  5.672E-04  4.694E-01  6.510E-03
                1.648E-02  5.032E-03  2.470E-03  2.462E-01  5.463E-03  3.613E-02
                2.518E-02  3.708E-03  2.308E-01  3.351E-02  1.704E-03  3.617E-01
                1.067E+00  4.243E-02  2.000E-02  7.412E-03  8.757E-03  6.091E-02
                4.236E-02  1.298E-02  3.380E-02  4.022E-01  2.835E-03  5.644E-02
                3.957E-01  2.002E+00  2.628E-02  1.232E-02  1.907E+00  1.793E-03
                4.974E-04  1.516E-03  2.489E-03  1.014E-01  2.714E-03  5.911E-03
                6.333E-03  2.073E-01  1.550E-01  4.619E-03  2.334E-03  7.012E-03
                1.167E-02  2.938E-02  9.266E-03  2.447E-02  2.138E-02  1.678E+00
                3.336E-01  2.407E+00  7.086E+00  1.137E+01  2.043E-02  5.786E-01
                9.545E-01  1.340E+00  1.898E-02  1.134E-02  3.507E-02  5.830E-01
                1.128E-03  3.145E+00  7.447E-03  9.403E-02  4.842E-03  8.915E-03
                1.355E+00  4.262E-03  2.390E+00  7.021E+00  1.986E-01  4.899E-02
                2.755E-02  5.639E-03  3.342E-01  2.544E+00  1.284E+01  4.097E-02
                4.631E-02  2.520E-03  1.049E-02  5.881E-03  9.230E-01  6.723E+00
                6.089E-01  1.471E-01  4.509E-02  8.877E-03  7.571E-01  7.614E-02
                6.427E-02  1.146E-01  1.998E-02  9.291E+00
1.99382007E+00  2.191E-03  1.141E-03  3.427E-03  5.700E-03  9.170E-03  4.769E-02
                6.455E-04  3.478E-04  1.045E-03  1.743E-03  1.868E-03  1.009E-04
                1.705E-04  2.353E-04  5.271E-04  9.274E-03  5.916E-01  1.747E+00
                2.818E+00  1.347E-02  1.044E-02  2.267E-01  5.122E-02  1.522E-01
                2.480E-01  8.734E-04  1.232E-01  2.024E-01  2.811E-01  8.547E-03
                2.362E-03  3.225E-02  8.385E-02  1.095E-03  8.187E-03  9.395E-03
                7.616E-02  2.384E-03  1.263E-02  3.001E-04  5.486E-01  3.428E-03
                1.612E-02  2.511E-03  1.348E-03  2.286E-01  3.475E-03  2.482E-02
                2.851E-02  2.381E-03  2.404E-01  3.159E-02  9.033E-04  4.187E-01
                1.235E+00  3.727E-02  1.346E-02  4.049E-03  5.473E-03  4.200E-02
                4.853E-02  1.313E-02  3.235E-02  4.147E-01  1.500E-03  5.882E-02
                4.495E-01  2.291E+00  1.475E-02  6.726E-03  1.749E+00  1.094E-03
                2.522E-04  7.858E-04  1.262E-03  1.065E-01  1.449E-03  3.958E-03
                3.380E-03  2.280E-01  1.939E-01  2.395E-03  1.283E-03  3.861E-03
                6.413E-03  3.598E-02  4.588E-03  1.811E-02  1.051E-02  1.928E+00
                3.499E-01  1.898E+00  5.593E+00  8.998E+00  1.706E-02  5.191E-01
                8.555E-01  1.200E+00  1.114E-02  5.739E-03  2.420E-02  5.219E-01
                5.426E-04  2.553E+00  3.772E-03  9.293E-02  2.140E-03  6.485E-03
                1.204E+00  2.325E-03  1.934E+00  5.720E+00  1.913E-01  3.456E-02
                2.018E-02  2.713E-03  2.996E-01  2.088E+00  1.045E+01  2.467E-02
                3.402E-02  1.062E-03  7.412E-03  2.478E-03  8.268E-01  5.342E+00
                5.443E-01  1.374E-01  2.787E-02  4.006E-03  6.808E-01  4.822E-02
                4.727E-02  7.449E-02  8.773E-03  7.604E+00
2.24726402E+00  1.890E-03  9.097E-04  2.734E-03  4.545E-03  9.626E-03  5.468E-02
                5.420E-04  2.755E-04  8.284E-04  1.381E-03  1.995E-03  7.334E-05
                1.255E-04  1.711E-04  5.950E-04  1.074E-02  5.487E-01  1.621E+00
                2.620E+00  1.136E-02  7.128E-03  2.322E-01  5.695E-02  1.679E-01
                2.690E-01  5.634E-04  1.269E-01  2.073E-01  2.855E-01  5.838E-03
                1.438E-03  2.496E-02  8.301E-02  7.449E-04  6.156E-03  9.832E-03
                7.820E-02  1.704E-03  1.213E-02  1.854E-04  5.856E-01  2.122E-03
                1.607E-02  1.484E-03  8.397E-04  2.176E-01  2.412E-03  1.871E-02
                3.006E-02  1.702E-03  2.458E-01  2.969E-02  5.596E-04  4.470E-01
                1.308E+00  3.529E-02  1.083E-02  2.525E-03  3.724E-03  3.174E-02
                5.189E-02  1.291E-02  3.085E-02  4.215E-01  9.268E-04  6.054E-02
                4.761E-01  2.404E+00  1.013E-02  4.190E-03  1.629E+00  7.439E-04
                1.509E-04  4.838E-04  7.552E-04  1.094E-01  8.936E-04  3.069E-03
                2.085E-03  2.325E-01  2.105E-01  1.461E-03  8.080E-04  2.436E-03
                4.038E-03  3.891E-02  2.712E-03  1.552E-02  6.154E-03  2.023E+00
                3.568E-01  1.545E+00  4.556E+00  7.342E+00  1.471E-02  4.670E-01
                7.690E-01  1.078E+00  8.150E-03  3.514E-03  1.856E-02  4.682E-01
                3.167E-04  2.126E+00  2.342E-03  8.918E-02  1.192E-03  5.273E-03
                1.077E+00  1.518E-03  1.608E+00  4.777E+00  1.819E-01  2.715E-02
                1.647E-02  1.582E-03  2.704E-01  1.759E+00  8.725E+00  1.780E-02
                2.778E-02  5.771E-04  6.028E-03  1.345E-03  7.423E-01  4.365E+00
                4.960E-01  1.311E-01  2.094E-02  2.286E-03  6.255E-01  3.677E-02
                3.787E-02  5.731E-02  4.861E-03  6.367E+00
2.50070797E+00  1.620E-03  7.494E-04  2.254E-03  3.744E-03  1.010E-02  6.127E-02
                4.469E-04  2.247E-04  6.759E-04  1.126E-03  2.063E-03  5.596E-05
                9.716E-05  1.306E-04  6.621E-04  1.219E-02  5.139E-01  1.519E+00
                2.459E+00  1.003E-02  5.185E-03  2.357E-01  5.906E-02  1.728E-01
                2.724E-01  3.920E-04  1.267E-01  2.061E-01  2.822E-01  4.394E-03
                9.657E-04  2.033E-02  8.219E-02  5.392E-04  4.977E-03  9.770E-03
                7.952E-02  1.297E-03  1.146E-02  1.257E-04  5.955E-01  1.449E-03
                1.602E-02  9.740E-04  5.694E-04  2.100E-01  1.784E-03  1.516E-02
                3.007E-02  1.295E-03  2.489E-01  2.768E-02  3.808E-04  4.556E-01
                1.322E+00  3.421E-02  9.418E-03  1.715E-03  2.696E-03  2.576E-02
                5.260E-02  1.240E-02  2.911E-02  4.254E-01  6.285E-04  6.112E-02
                4.836E-01  2.411E+00  7.803E-03  2.841E-03  1.529E+00  5.419E-04
                9.991E-05  3.309E-04  5.001E-04  1.112E-01  6.036E-04  2.571E-03
                1.408E-03  2.299E-01  2.126E-01  9.826E-04  5.539E-04  1.673E-03
                2.768E-03  3.929E-02  1.788E-03  1.401E-02  4.014E-03  2.027E+00
                3.594E-01  1.281E+00  3.776E+00  6.094E+00  1.261E-02  4.211E-01
                6.933E-01  9.720E-01  6.546E-03  2.370E-03  1.477E-02  4.215E-01
                2.040E-04  1.796E+00  1.599E-03  8.409E-02  7.520E-04  4.394E-03
                9.673E-01  1.082E-03  1.357E+00  4.046E+00  1.708E-01  2.227E-02
                1.376E-02  1.017E-03  2.443E-01  1.502E+00  7.393E+00  1.391E-02
                2.319E-02  3.589E-04  5.156E-03  8.346E-04  6.680E-01  3.624E+00
                4.552E-01  1.249E-01  1.685E-02  1.478E-03  5.787E-01  2.986E-02
                3.142E-02  4.654E-02  3.050E-03  5.404E+00
2.75415192E+00  1.446E-03  6.162E-04  1.855E-03  3.079E-03  1.054E-02  6.690E-02
                3.943E-04  1.833E-04  5.518E-04  9.187E-04  2.145E-03  4.313E-05
                7.637E-05  1.006E-04  7.281E-04  1.342E-02  4.844E-01  1.433E+00
                2.322E+00  8.745E-03  3.936E-03  2.381E-01  5.878E-02  1.708E-01
                2.654E-01  2.874E-04  1.245E-01  2.020E-01  2.755E-01  3.527E-03
                6.936E-04  1.677E-02  8.120E-02  4.070E-04  4.069E-03  9.407E-03
                8.041E-02  1.029E-03  1.073E-02  9.070E-05  5.893E-01  1.057E-03
                1.591E-02  6.861E-04  4.096E-04  2.034E-01  1.378E-03  1.241E-02
                2.913E-02  1.028E-03  2.509E-01  2.571E-02  2.756E-04  4.522E-01
                1.302E+00  3.343E-02  8.489E-03  1.235E-03  2.035E-03  2.112E-02
                5.155E-02  1.177E-02  2.727E-02  4.276E-01  4.534E-04  6.083E-02
                4.793E-01  2.360E+00  6.439E-03  2.044E-03  1.443E+00  4.142E-04
                7.090E-05  2.427E-04  3.548E-04  1.124E-01  4.340E-04  2.251E-03
                1.013E-03  2.242E-01  2.064E-01  7.043E-04  4.030E-04  1.220E-03
                2.014E-03  3.820E-02  1.270E-03  1.290E-02  2.816E-03  1.982E+00
                3.599E-01  1.075E+00  3.169E+00  5.123E+00  1.113E-02  3.813E-01
                6.278E-01  8.803E-01  5.513E-03  1.700E-03  1.228E-02  3.814E-01
                1.400E-04  1.534E+00  1.152E-03  7.854E-02  5.121E-04  3.818E-03
                8.746E-01  8.143E-04  1.158E+00  3.463E+00  1.593E-01  1.871E-02
                1.197E-02  6.964E-04  2.210E-01  1.296E+00  6.332E+00  1.133E-02
                2.017E-02  2.417E-04  4.521E-03  5.600E-04  6.037E-01  3.046E+00
                4.206E-01  1.186E-01  1.433E-02  1.033E-03  5.381E-01  2.556E-02
                2.658E-02  3.978E-02  2.069E-03  4.632E+00
3.00759588E+00  1.230E-03  5.214E-04  1.572E-03  2.605E-03  1.066E-02  7.282E-02
                3.371E-04  1.553E-04  4.677E-04  7.782E-04  2.246E-03  3.472E-05
                6.284E-05  8.101E-05  7.848E-04  1.461E-02  4.587E-01  1.358E+00
                2.201E+00  7.659E-03  3.098E-03  2.398E-01  5.704E-02  1.647E-01
                2.527E-01  2.194E-04  1.214E-01  1.965E-01  2.673E-01  2.959E-03
                5.215E-04  1.410E-02  8.035E-02  3.181E-04  3.447E-03  8.893E-03
                8.106E-02  8.412E-04  1.000E-02  6.870E-05  5.743E-01  8.075E-04
                1.575E-02  5.084E-04  3.079E-04  1.982E-01  1.103E-03  1.053E-02
                2.768E-02  8.399E-04  2.522E-01  2.383E-02  2.096E-04  4.418E-01
                1.264E+00  3.276E-02  7.789E-03  9.301E-04  1.590E-03  1.793E-02
                4.949E-02  1.108E-02  2.544E-02  4.288E-01  3.434E-04  5.998E-02
                4.683E-01  2.279E+00  5.542E-03  1.537E-03  1.368E+00  3.286E-04
                5.269E-05  1.863E-04  2.636E-04  1.132E-01  3.267E-04  2.025E-03
                7.620E-04  2.173E-01  1.957E-01  5.311E-04  3.060E-04  9.283E-04
                1.529E-03  3.634E-02  9.505E-04  1.199E-02  2.080E-03  1.912E+00
                3.593E-01  9.127E-01  2.689E+00  4.353E+00  1.001E-02  3.471E-01
                5.718E-01  8.018E-01  4.774E-03  1.266E-03  1.051E-02  3.473E-01
                9.967E-05  1.320E+00  8.561E-04  7.305E-02  3.662E-04  3.384E-03
                7.962E-01  6.335E-04  9.967E-01  2.988E+00  1.480E-01  1.595E-02
                1.062E-02  4.947E-04  2.004E-01  1.128E+00  5.471E+00  9.475E-03
                1.789E-02  1.709E-04  4.027E-03  3.942E-04  5.485E-01  2.586E+00
                3.904E-01  1.125E-01  1.253E-02  7.577E-04  5.023E-01  2.247E-02
                2.278E-02  3.488E-02  1.474E-03  4.003E+00
3.26103983E+00  1.156E-03  4.436E-04  1.339E-03  2.216E-03  1.127E-02  7.746E-02
                3.038E-04  1.303E-04  3.929E-04  6.531E-04  2.296E-03  2.794E-05
                5.200E-05  6.520E-05  8.400E-04  1.569E-02  4.359E-01  1.290E+00
                2.094E+00  7.020E-03  2.508E-03  2.410E-01  5.447E-02  1.564E-01
                2.371E-01  1.723E-04  1.178E-01  1.904E-01  2.587E-01  2.560E-03
                4.066E-04  1.228E-02  7.919E-02  2.557E-04  3.020E-03  8.320E-03
                8.153E-02  7.031E-04  9.320E-03  5.366E-05  5.544E-01  6.375E-04
                1.554E-02  3.915E-04  2.393E-04  1.934E-01  9.084E-04  9.238E-03
                2.601E-02  7.020E-04  2.530E-01  2.210E-02  1.644E-04  4.275E-01
                1.216E+00  3.209E-02  7.219E-03  7.241E-04  1.278E-03  1.574E-02
                4.691E-02  1.039E-02  2.370E-02  4.295E-01  2.682E-04  5.873E-02
                4.534E-01  2.184E+00  4.901E-03  1.195E-03  1.300E+00  2.663E-04
                4.064E-05  1.481E-04  2.032E-04  1.138E-01  2.543E-04  1.854E-03
                5.930E-04  2.100E-01  1.831E-01  4.130E-04  2.401E-04  7.299E-04
                1.200E-03  3.416E-02  7.402E-04  1.119E-02  1.597E-03  1.830E+00
                3.583E-01  7.822E-01  2.303E+00  3.734E+00  8.618E-03  3.180E-01
                5.240E-01  7.347E-01  4.215E-03  9.611E-04  8.805E-03  3.185E-01
                7.194E-05  1.145E+00  6.479E-04  6.786E-02  2.699E-04  2.896E-03
                7.296E-01  5.025E-04  8.642E-01  2.598E+00  1.375E-01  1.375E-02
                9.107E-03  3.565E-04  1.823E-01  9.881E-01  4.764E+00  8.055E-03
                1.532E-02  1.248E-04  3.630E-03  2.865E-04  5.015E-01  2.216E+00
                3.631E-01  1.065E-01  1.080E-02  5.734E-04  4.698E-01  1.940E-02
                1.972E-02  2.990E-02  1.083E-03  3.484E+00
3.51448378E+00  9.745E-04  3.789E-04  1.146E-03  1.893E-03  1.111E-02  8.239E-02
                2.648E-04  1.119E-04  3.377E-04  5.608E-04  2.358E-03  2.314E-05
                4.437E-05  5.400E-05  8.853E-04  1.666E-02  4.154E-01  1.230E+00
                1.996E+00  6.084E-03  2.070E-03  2.420E-01  5.147E-02  1.471E-01
                2.206E-01  1.391E-04  1.141E-01  1.842E-01  2.501E-01  2.267E-03
                3.263E-04  1.047E-02  7.823E-02  2.092E-04  2.584E-03  7.745E-03
                8.190E-02  5.982E-04  8.690E-03  4.315E-05  5.322E-01  5.174E-04
                1.530E-02  3.103E-04  1.910E-04  1.890E-01  7.623E-04  7.914E-03
                2.429E-02  5.973E-04  2.535E-01  2.052E-02  1.327E-04  4.113E-01
                1.164E+00  3.144E-02  6.731E-03  5.788E-04  1.046E-03  1.348E-02
                4.414E-02  9.718E-03  2.206E-02  4.299E-01  2.157E-04  5.728E-02
                4.367E-01  2.083E+00  4.414E-03  9.534E-04  1.238E+00  2.219E-04
                3.225E-05  1.209E-04  1.611E-04  1.143E-01  2.035E-04  1.719E-03
                4.742E-04  2.026E-01  1.698E-01  3.312E-04  1.932E-04  5.885E-04
                9.652E-04  3.193E-02  5.939E-04  1.048E-02  1.263E-03  1.745E+00
                3.570E-01  6.762E-01  1.990E+00  3.231E+00  8.022E-03  2.932E-01
                4.834E-01  6.776E-01  3.779E-03  7.526E-04  7.887E-03  2.942E-01
                5.366E-05  9.996E-01  4.987E-04  6.308E-02  2.045E-04  2.678E-03
                6.740E-01  4.090E-04  7.543E-01  2.273E+00  1.278E-01  1.196E-02
                8.424E-03  2.657E-04  1.664E-01  8.715E-01  4.176E+00  6.943E-03
                1.417E-02  9.334E-05  3.306E-03  2.135E-04  4.617E-01  1.916E+00
                3.403E-01  1.009E-01  9.872E-03  4.463E-04  4.418E-01  1.781E-02
                1.721E-02  2.742E-02  8.203E-04  3.052E+00
3.76792773E+00  9.352E-04  3.379E-04  1.023E-03  1.688E-03  1.190E-02  8.671E-02
                2.406E-04  9.831E-05  2.972E-04  4.928E-04  2.439E-03  1.952E-05
                3.866E-05  4.555E-05  9.274E-04  1.771E-02  3.966E-01  1.174E+00
                1.907E+00  5.739E-03  1.747E-03  2.427E-01  4.829E-02  1.373E-01
                2.041E-01  1.139E-04  1.103E-01  1.780E-01  2.416E-01  2.041E-03
                2.663E-04  9.433E-03  7.698E-02  1.751E-04  2.355E-03  7.195E-03
                8.221E-02  5.164E-04  8.116E-03  3.537E-05  5.091E-01  4.278E-04
                1.503E-02  2.519E-04  1.559E-04  1.848E-01  6.539E-04  7.222E-03
                2.263E-02  5.156E-04  2.539E-01  1.910E-02  1.092E-04  3.943E-01
                1.111E+00  3.076E-02  6.303E-03  4.731E-04  8.753E-04  1.230E-02
                4.137E-02  9.087E-03  2.055E-02  4.301E-01  1.767E-04  5.569E-02
                4.191E-01  1.982E+00  4.026E-03  7.781E-04  1.182E+00  1.865E-04
                2.604E-05  1.002E-04  1.300E-04  1.146E-01  1.661E-04  1.608E-03
                3.869E-04  1.955E-01  1.566E-01  2.703E-04  1.590E-04  4.854E-04
                7.942E-04  2.976E-02  4.883E-04  9.840E-03  1.024E-03  1.659E+00
                3.558E-01  5.893E-01  1.734E+00  2.819E+00  6.904E-03  2.721E-01
                4.487E-01  6.287E-01  3.428E-03  5.915E-04  6.689E-03  2.735E-01
                3.973E-05  8.780E-01  3.870E-04  5.875E-02  1.570E-04  2.293E-03
                6.262E-01  3.356E-04  6.624E-01  2.001E+00  1.190E-01  1.047E-02
                7.232E-03  1.967E-04  1.526E-01  7.733E-01  3.682E+00  6.043E-03
                1.214E-02  7.090E-05  3.038E-03  1.617E-04  4.277E-01  1.670E+00
                3.189E-01  9.564E-02  8.602E-03  3.525E-04  4.158E-01  1.552E-02
                1.513E-02  2.368E-02  6.300E-04  2.690E+00
4.02137169E+00  8.218E-04  2.847E-04  8.640E-04  1.422E-03  1.153E-02  9.035E-02
                2.215E-04  8.368E-05  2.533E-04  4.195E-04  2.483E-03  1.633E-05
                3.362E-05  3.810E-05  9.643E-04  1.838E-02  3.795E-01  1.124E+00
                1.826E+00  4.989E-03  1.490E-03  2.433E-01  4.511E-02  1.277E-01
                1.882E-01  9.533E-05  1.067E-01  1.721E-01  2.336E-01  1.863E-03
                2.227E-04  8.167E-03  7.601E-02  1.481E-04  2.046E-03  6.694E-03
                8.242E-02  4.508E-04  7.603E-03  2.959E-05  4.862E-01  3.602E-04
                1.475E-02  2.083E-04  1.292E-04  1.811E-01  5.672E-04  6.282E-03
                2.109E-02  4.501E-04  2.541E-01  1.783E-02  9.180E-05  3.772E-01
                1.059E+00  3.010E-02  5.920E-03  3.929E-04  7.401E-04  1.070E-02
                3.874E-02  8.505E-03  1.919E-02  4.300E-01  1.479E-04  5.405E-02
                4.016E-01  1.884E+00  3.706E-03  6.453E-04  1.130E+00  1.607E-04
                2.154E-05  8.484E-05  1.074E-04  1.149E-01  1.382E-04  1.515E-03
                3.216E-04  1.887E-01  1.440E-01  2.256E-04  1.327E-04  4.059E-04
                6.627E-04  2.777E-02  4.090E-04  9.256E-03  8.448E-04  1.576E+00
                3.544E-01  5.175E-01  1.522E+00  2.477E+00  6.572E-03  2.540E-01
                4.191E-01  5.869E-01  3.144E-03  4.803E-04  6.175E-03  2.559E-01
                3.060E-05  7.755E-01  3.044E-04  5.484E-02  1.229E-04  2.176E-03
                5.860E-01  2.821E-04  5.850E-01  1.772E+00  1.111E-01  9.238E-03
                6.861E-03  1.517E-04  1.403E-01  6.899E-01  3.265E+00  5.310E-03
                1.153E-02  5.482E-05  2.814E-03  1.248E-04  3.988E-01  1.467E+00
                3.013E-01  9.079E-02  8.070E-03  2.841E-04  3.936E-01  1.460E-02
                1.339E-02  2.229E-02  4.946E-04  2.384E+00
4.27481564E+00  7.437E-04  2.663E-04  8.094E-04  1.330E-03  1.230E-02  9.448E-02
                1.894E-04  7.656E-05  2.321E-04  3.838E-04  2.513E-03  1.430E-05
                3.047E-05  3.337E-05  9.938E-04  1.948E-02  3.635E-01  1.077E+00
                1.750E+00  4.737E-03  1.290E-03  2.437E-01  4.200E-02  1.184E-01
                1.731E-01  8.031E-05  1.031E-01  1.663E-01  2.259E-01  1.716E-03
                1.867E-04  7.470E-03  7.466E-02  1.270E-04  1.882E-03  6.235E-03
                8.265E-02  3.978E-04  7.141E-03  2.494E-05  4.637E-01  3.068E-04
                1.445E-02  1.751E-04  1.090E-04  1.772E-01  4.989E-04  5.785E-03
                1.966E-02  3.972E-04  2.543E-01  1.670E-02  7.774E-05  3.604E-01
                1.008E+00  2.941E-02  5.575E-03  3.320E-04  6.350E-04  9.851E-03
                3.624E-02  7.968E-03  1.794E-02  4.301E-01  1.246E-04  5.238E-02
                3.843E-01  1.790E+00  3.435E-03  5.443E-04  1.082E+00  1.379E-04
                1.786E-05  7.202E-05  8.886E-05  1.150E-01  1.164E-04  1.433E-03
                2.706E-04  1.822E-01  1.322E-01  1.894E-04  1.128E-04  3.456E-04
                5.629E-04  2.593E-02  3.483E-04  8.723E-03  7.090E-04  1.497E+00
                3.532E-01  4.576E-01  1.346E+00  2.192E+00  5.643E-03  2.384E-01
                3.935E-01  5.506E-01  2.908E-03  3.887E-04  5.266E-03  2.407E-01
                2.310E-05  6.885E-01  2.406E-04  5.133E-02  9.676E-05  1.862E-03
                5.507E-01  2.378E-04  5.194E-01  1.577E+00  1.040E-01  8.197E-03
                5.892E-03  1.147E-04  1.296E-01  6.187E-01  2.910E+00  4.697E-03
                9.874E-03  4.283E-05  2.625E-03  9.737E-05  3.738E-01  1.298E+00
                2.843E-01  8.629E-02  7.076E-03  2.309E-04  3.726E-01  1.278E-02
                1.191E-02  1.932E-02  3.911E-04  2.123E+00
