           8           2
          17          12         136
   0           1   0           3   0          -1   0          -3   0          -5   0           1   0          -3   0           3   0          -1   0          -3   0          -5   0           1   0           3   0           5   0           7   0           5   0          -3
    0.000000E+00    1.145905E+00    1.161331E+00    1.161421E+00    1.161606E+00
    1.163117E+00    1.173541E+00    1.352519E+00    1.356653E+00    1.356678E+00
    1.356729E+00    1.356986E+00    1.358976E+00    1.358985E+00    1.359001E+00
    1.359135E+00    1.359996E+00
1.36021018E+00  3.615E-03  2.025E-03  6.076E-03  1.012E-02  7.395E-03  2.627E-02
                1.607E-03  6.170E-04  1.853E-03  3.093E-03  1.625E-03  2.769E-04
                4.633E-04  6.462E-04  7.120E-04  4.288E-03  7.969E-01  2.350E+00
                3.779E+00  2.673E-02  4.194E-02  1.754E-01  2.003E-02  6.002E-02
                9.981E-02  5.984E-03  6.943E-02  1.153E-01  1.620E-01  5.713E-02
                1.985E-02  8.245E-02  9.130E-02  4.414E-03  2.749E-02  1.092E-02
                5.800E-02  1.310E-02  1.620E-02  3.168E-03  2.351E-01  3.021E-02
                2.587E-02  2.559E-02  1.030E-02  3.079E-01  1.350E-02  8.272E-02
                3.281E-02  1.308E-02  1.964E-01  5.292E-02  9.506E-03  2.179E-01
                5.595E-01  9.517E-02  7.801E-02  3.085E-02  2.207E-02  1.385E-01
                5.485E-02  1.621E-02  5.289E-02  3.700E-01  1.584E-02  7.222E-02
                2.828E-01  1.106E+00  1.242E-01  5.131E-02  2.347E+00  6.402E-03
                2.738E-03  8.221E-03  1.369E-02  7.632E-02  1.138E-02  1.953E-02
                2.655E-02  1.020E-01  5.178E-02  2.701E-02  1.065E-02  3.193E-02
                5.316E-02  2.181E-02  4.861E-02  8.499E-02  1.128E-01  8.505E-01
                2.502E-01  4.748E+00  1.413E+01  2.309E+01  8.377E-02  7.987E-01
                1.322E+00  1.858E+00  1.979E-01  9.339E-02  2.197E-01  7.475E-01
                1.033E-02  6.566E+00  8.934E-02  1.154E-01  6.739E-02  5.756E-02
                1.956E+00  3.285E-02  5.113E+00  1.450E+01  3.573E-01  2.862E-01
                1.731E-01  5.166E-02  5.888E-01  5.316E+00  2.658E+01  3.641E-01
                2.872E-01  4.032E-02  7.535E-02  9.407E-02  1.259E+00  1.420E+01
                1.098E+00  4.807E-01  4.395E-01  1.111E-01  1.593E+00  7.205E-01
                2.995E-01  1.004E+00  2.572E-01  1.893E+01
1.61365414E+00  2.901E-03  1.634E-03  4.904E-03  8.163E-03  8.231E-03  3.581E-02
                9.508E-04  5.077E-04  1.525E-03  2.545E-03  1.669E-03  1.753E-04
                2.933E-04  4.090E-04  4.627E-04  6.709E-03  6.865E-01  2.023E+00
                3.252E+00  1.861E-02  2.198E-02  2.088E-01  3.383E-02  1.013E-01
                1.682E-01  2.148E-03  1.026E-01  1.698E-01  2.389E-01  2.103E-02
                6.837E-03  5.283E-02  8.643E-02  2.309E-03  1.517E-02  7.809E-03
                6.974E-02  4.977E-03  1.282E-02  8.607E-04  4.097E-01  9.887E-03
                1.726E-02  7.875E-03  3.619E-03  2.599E-01  7.146E-03  4.578E-02
                2.349E-02  4.970E-03  2.231E-01  3.515E-02  2.584E-03  3.212E-01
                9.369E-01  4.885E-02  2.769E-02  1.086E-02  1.154E-02  7.702E-02
                3.937E-02  1.292E-02  3.527E-02  3.925E-01  4.303E-03  5.627E-02
                3.588E-01  1.771E+00  3.952E-02  1.806E-02  2.011E+00  2.451E-03
                7.729E-04  2.338E-03  3.867E-03  9.692E-02  4.047E-03  7.969E-03
                9.443E-03  1.857E-01  1.259E-01  7.111E-03  3.423E-03  1.028E-02
                1.711E-02  2.486E-02  1.463E-02  3.220E-02  3.383E-02  1.472E+00
                3.187E-01  2.784E+00  8.184E+00  1.309E+01  2.349E-02  6.135E-01
                1.013E+00  1.422E+00  2.976E-02  1.830E-02  4.627E-02  6.177E-01
                1.868E-03  3.561E+00  1.228E-02  9.335E-02  8.594E-03  1.184E-02
                1.446E+00  6.611E-03  2.716E+00  7.926E+00  2.041E-01  6.471E-02
                3.632E-02  9.339E-03  3.574E-01  2.869E+00  1.450E+01  6.151E-02
                6.086E-02  4.658E-03  1.440E-02  1.087E-02  9.785E-01  7.710E+00
                6.584E-01  1.603E-01  6.826E-02  1.562E-02  8.221E-01  1.135E-01
                8.156E-02  1.669E-01  3.558E-02  1.044E+01
1.86709809E+00  2.399E-03  1.274E-03  3.825E-03  6.365E-03  8.855E-03  4.385E-02
                7.199E-04  3.900E-04  1.172E-03  1.955E-03  1.792E-03  1.191E-04
                2.006E-04  2.779E-04  4.962E-04  8.449E-03  6.178E-01  1.823E+00
                2.937E+00  1.480E-02  1.303E-02  2.225E-01  4.661E-02  1.389E-01
                2.282E-01  1.131E-03  1.189E-01  1.959E-01  2.734E-01  1.091E-02
                3.185E-03  3.735E-02  8.446E-02  1.368E-03  9.776E-03  8.937E-03
                7.466E-02  2.922E-03  1.275E-02  4.022E-04  5.152E-01  4.601E-03
                1.621E-02  3.460E-03  1.786E-03  2.363E-01  4.301E-03  2.960E-02
                2.702E-02  2.917E-03  2.364E-01  3.249E-02  1.209E-03  3.943E-01
                1.165E+00  3.914E-02  1.588E-02  5.363E-03  6.837E-03  5.000E-02
                4.570E-02  1.310E-02  3.300E-02  4.094E-01  2.011E-03  5.759E-02
                4.263E-01  2.173E+00  1.906E-02  8.913E-03  1.822E+00  1.374E-03
                3.447E-04  1.061E-03  1.725E-03  1.044E-01  1.938E-03  4.716E-03
                4.521E-03  2.206E-01  1.776E-01  3.238E-03  1.692E-03  5.085E-03
                8.455E-03  3.317E-02  6.337E-03  2.044E-02  1.457E-02  1.827E+00
                3.434E-01  2.125E+00  6.260E+00  1.006E+01  1.828E-02  5.477E-01
                9.031E-01  1.267E+00  1.395E-02  7.788E-03  2.833E-02  5.514E-01
                7.550E-04  2.821E+00  5.102E-03  9.390E-02  3.091E-03  7.341E-03
                1.275E+00  3.044E-03  2.139E+00  6.310E+00  1.951E-01  4.028E-02
                2.279E-02  3.775E-03  3.159E-01  2.294E+00  1.154E+01  3.071E-02
                3.836E-02  1.565E-03  8.563E-03  3.652E-03  8.732E-01  5.964E+00
                5.728E-01  1.412E-01  3.390E-02  5.721E-03  7.140E-01  5.796E-02
                5.418E-02  8.854E-02  1.271E-02  8.373E+00
2.12054204E+00  2.062E-03  1.023E-03  3.072E-03  5.109E-03  9.522E-03  5.126E-02
                5.883E-04  3.100E-04  9.317E-04  1.554E-03  1.917E-03  8.555E-05
                1.454E-04  1.996E-04  5.611E-04  1.007E-02  5.689E-01  1.680E+00
                2.713E+00  1.252E-02  8.561E-03  2.298E-01  5.463E-02  1.616E-01
                2.612E-01  6.938E-04  1.257E-01  2.059E-01  2.847E-01  6.957E-03
                1.816E-03  2.843E-02  8.343E-02  8.962E-04  7.112E-03  9.690E-03
                7.731E-02  1.997E-03  1.242E-02  2.325E-04  5.714E-01  2.656E-03
                1.609E-02  1.900E-03  1.050E-03  2.229E-01  2.872E-03  2.159E-02
                2.951E-02  1.993E-03  2.435E-01  3.066E-02  7.007E-04  4.359E-01
                1.281E+00  3.609E-02  1.190E-02  3.157E-03  4.480E-03  3.659E-02
                5.059E-02  1.306E-02  3.163E-02  4.186E-01  1.162E-03  5.982E-02
                4.657E-01  2.365E+00  1.200E-02  5.241E-03  1.686E+00  8.918E-04
                1.921E-04  6.068E-04  9.617E-04  1.082E-01  1.122E-03  3.441E-03
                2.618E-03  2.316E-01  2.045E-01  1.843E-03  1.005E-03  3.026E-03
                5.021E-03  3.784E-02  3.468E-03  1.659E-02  7.910E-03  1.990E+00
                3.541E-01  1.708E+00  5.034E+00  8.107E+00  1.555E-02  4.922E-01
                8.109E-01  1.137E+00  9.371E-03  4.406E-03  2.080E-02  4.942E-01
                4.065E-04  2.324E+00  2.922E-03  9.129E-02  1.564E-03  5.722E-03
                1.138E+00  1.847E-03  1.759E+00  5.216E+00  1.868E-01  3.039E-02
                1.785E-02  2.032E-03  2.846E-01  1.912E+00  9.529E+00  2.066E-02
                3.009E-02  7.657E-04  6.622E-03  1.786E-03  7.832E-01  4.818E+00
                5.184E-01  1.341E-01  2.360E-02  2.962E-03  6.513E-01  4.114E-02
                4.204E-02  6.384E-02  6.392E-03  6.944E+00
2.37398599E+00  1.739E-03  8.211E-04  2.469E-03  4.102E-03  9.897E-03  5.788E-02
                4.867E-04  2.467E-04  7.418E-04  1.236E-03  2.002E-03  6.378E-05
                1.099E-04  1.488E-04  6.288E-04  1.149E-02  5.305E-01  1.568E+00
                2.536E+00  1.071E-02  6.040E-03  2.342E-01  5.838E-02  1.714E-01
                2.724E-01  4.666E-04  1.271E-01  2.072E-01  2.845E-01  5.016E-03
                1.168E-03  2.249E-02  8.254E-02  6.298E-04  5.496E-03  9.851E-03
                7.893E-02  1.478E-03  1.181E-02  1.511E-04  5.931E-01  1.736E-03
                1.605E-02  1.190E-03  6.855E-04  2.135E-01  2.061E-03  1.672E-02
                3.022E-02  1.476E-03  2.476E-01  2.870E-02  4.569E-04  4.532E-01
                1.321E+00  3.469E-02  1.004E-02  2.063E-03  3.148E-03  2.840E-02
                5.252E-02  1.268E-02  3.000E-02  4.238E-01  7.554E-04  6.096E-02
                4.817E-01  2.418E+00  8.793E-03  3.420E-03  1.577E+00  6.309E-04
                1.217E-04  3.964E-04  6.090E-04  1.104E-01  7.276E-04  2.789E-03
                1.698E-03  2.318E-01  2.130E-01  1.185E-03  6.634E-04  2.002E-03
                3.315E-03  3.935E-02  2.178E-03  1.469E-02  4.917E-03  2.033E+00
                3.584E-01  1.404E+00  4.140E+00  6.677E+00  1.360E-02  4.433E-01
                7.299E-01  1.023E+00  7.248E-03  2.860E-03  1.648E-02  4.440E-01
                2.518E-04  1.951E+00  1.919E-03  8.674E-02  9.359E-04  4.806E-03
                1.020E+00  1.271E-03  1.475E+00  4.390E+00  1.765E-01  2.450E-02
                1.503E-02  1.257E-03  2.570E-01  1.623E+00  8.019E+00  1.563E-02
                2.534E-02  4.495E-04  5.553E-03  1.047E-03  7.039E-01  3.971E+00
                4.749E-01  1.280E-01  1.869E-02  1.817E-03  6.013E-01  3.299E-02
                3.439E-02  5.145E-02  3.806E-03  5.858E+00
2.62742995E+00  1.526E-03  6.806E-04  2.049E-03  3.401E-03  1.027E-02  6.437E-02
                4.264E-04  2.043E-04  6.147E-04  1.024E-03  2.149E-03  4.906E-05
                8.596E-05  1.145E-04  6.959E-04  1.281E-02  4.986E-01  1.475E+00
                2.388E+00  9.184E-03  4.490E-03  2.370E-01  5.915E-02  1.724E-01
                2.698E-01  3.336E-04  1.258E-01  2.042E-01  2.791E-01  3.912E-03
                8.125E-04  1.823E-02  8.174E-02  4.656E-04  4.433E-03  9.615E-03
                8.000E-02  1.151E-03  1.110E-02  1.061E-04  5.939E-01  1.230E-03
                1.598E-02  8.114E-04  4.799E-04  2.064E-01  1.558E-03  1.351E-02
                2.969E-02  1.149E-03  2.500E-01  2.669E-02  3.220E-04  4.550E-01
                1.315E+00  3.381E-02  8.915E-03  1.446E-03  2.328E-03  2.297E-02
                5.224E-02  1.210E-02  2.819E-02  4.266E-01  5.305E-04  6.107E-02
                4.826E-01  2.391E+00  7.042E-03  2.395E-03  1.485E+00  4.716E-04
                8.353E-05  2.813E-04  4.181E-04  1.118E-01  5.086E-04  2.396E-03
                1.187E-03  2.273E-01  2.102E-01  8.267E-04  4.697E-04  1.420E-03
                2.347E-03  3.888E-02  1.495E-03  1.342E-02  3.337E-03  2.009E+00
                3.598E-01  1.172E+00  3.454E+00  5.579E+00  1.206E-02  4.005E-01
                6.594E-01  9.245E-01  5.982E-03  2.002E-03  1.361E-02  4.006E-01
                1.686E-04  1.658E+00  1.352E-03  8.133E-02  6.166E-04  4.159E-03
                9.193E-01  9.358E-04  1.252E+00  3.739E+00  1.650E-01  2.037E-02
                1.303E-02  8.400E-04  2.323E-01  1.394E+00  6.833E+00  1.251E-02
                2.196E-02  2.924E-04  4.817E-03  6.787E-04  6.347E-01  3.318E+00
                4.377E-01  1.218E-01  1.566E-02  1.228E-03  5.581E-01  2.788E-02
                2.884E-02  4.350E-02  2.496E-03  4.998E+00
2.88087390E+00  1.337E-03  5.626E-04  1.695E-03  2.811E-03  1.061E-02  6.974E-02
                3.588E-04  1.669E-04  5.027E-04  8.368E-04  2.172E-03  3.853E-05
                6.895E-05  8.989E-05  7.566E-04  1.400E-02  4.712E-01  1.394E+00
                2.260E+00  8.334E-03  3.485E-03  2.390E-01  5.805E-02  1.681E-01
                2.595E-01  2.501E-04  1.230E-01  1.993E-01  2.715E-01  3.216E-03
                5.980E-04  1.551E-02  8.079E-02  3.591E-04  3.798E-03  9.163E-03
                8.076E-02  9.274E-04  1.036E-02  7.861E-05  5.826E-01  9.190E-04
                1.584E-02  5.874E-04  3.534E-04  2.009E-01  1.230E-03  1.160E-02
                2.845E-02  9.260E-04  2.516E-01  2.475E-02  2.393E-04  4.476E-01
                1.285E+00  3.309E-02  8.119E-03  1.067E-03  1.795E-03  1.974E-02
                5.061E-02  1.143E-02  2.635E-02  4.283E-01  3.929E-04  6.046E-02
                4.744E-01  2.322E+00  5.949E-03  1.764E-03  1.404E+00  3.675E-04
                6.078E-05  2.115E-04  3.042E-04  1.128E-01  3.746E-04  2.129E-03
                8.740E-04  2.209E-01  2.014E-01  6.088E-04  3.495E-04  1.059E-03
                1.746E-03  3.733E-02  1.093E-03  1.243E-02  2.407E-03  1.949E+00
                3.597E-01  9.895E-01  2.916E+00  4.716E+00  1.037E-02  3.635E-01
                5.987E-01  8.395E-01  5.115E-03  1.458E-03  1.119E-02  3.636E-01
                1.173E-04  1.422E+00  9.894E-04  7.577E-02  4.305E-04  3.526E-03
                8.335E-01  7.144E-04  1.073E+00  3.214E+00  1.536E-01  1.725E-02
                1.107E-02  5.826E-04  2.104E-01  1.208E+00  5.880E+00  1.033E-02
                1.863E-02  2.022E-04  4.259E-03  4.674E-04  5.750E-01  2.803E+00
                4.046E-01  1.155E-01  1.320E-02  8.793E-04  5.194E-01  2.360E-02
                2.457E-02  3.662E-02  1.735E-03  4.302E+00
3.13431785E+00  1.184E-03  4.842E-04  1.461E-03  2.419E-03  1.100E-02  7.536E-02
                3.215E-04  1.432E-04  4.315E-04  7.177E-04  2.276E-03  3.115E-05
                5.712E-05  7.268E-05  8.137E-04  1.522E-02  4.470E-01  1.323E+00
                2.146E+00  7.208E-03  2.773E-03  2.404E-01  5.583E-02  1.608E-01
                2.451E-01  1.937E-04  1.197E-01  1.935E-01  2.630E-01  2.744E-03
                4.590E-04  1.301E-02  7.973E-02  2.837E-04  3.165E-03  8.609E-03
                8.131E-02  7.671E-04  9.657E-03  6.039E-05  5.647E-01  7.148E-04
                1.565E-02  4.443E-04  2.704E-04  1.955E-01  9.960E-04  9.676E-03
                2.686E-02  7.659E-04  2.526E-01  2.295E-02  1.846E-04  4.350E-01
                1.241E+00  3.242E-02  7.491E-03  8.174E-04  1.418E-03  1.647E-02
                4.823E-02  1.073E-02  2.456E-02  4.292E-01  3.018E-04  5.939E-02
                4.612E-01  2.232E+00  5.198E-03  1.349E-03  1.333E+00  2.945E-04
                4.612E-05  1.656E-04  2.307E-04  1.135E-01  2.872E-04  1.934E-03
                6.697E-04  2.137E-01  1.895E-01  4.659E-04  2.700E-04  8.198E-04
                1.349E-03  3.527E-02  8.352E-04  1.158E-02  1.815E-03  1.872E+00
                3.588E-01  8.439E-01  2.486E+00  4.027E+00  9.356E-03  3.320E-01
                5.469E-01  7.669E-01  4.477E-03  1.102E-03  9.664E-03  3.323E-01
                8.470E-05  1.228E+00  7.436E-04  7.040E-02  3.135E-04  3.158E-03
                7.616E-01  5.633E-04  9.273E-01  2.784E+00  1.426E-01  1.479E-02
                9.918E-03  4.200E-04  1.911E-01  1.055E+00  5.101E+00  8.721E-03
                1.670E-02  1.456E-04  3.818E-03  3.351E-04  5.241E-01  2.391E+00
                3.765E-01  1.095E-01  1.169E-02  6.572E-04  4.857E-01  2.100E-02
                2.117E-02  3.251E-02  1.260E-03  3.731E+00
3.38776180E+00  1.074E-03  4.051E-04  1.224E-03  2.024E-03  1.114E-02  7.981E-02
                2.849E-04  1.196E-04  3.609E-04  5.996E-04  2.341E-03  2.531E-05
                4.780E-05  5.905E-05  8.632E-04  1.610E-02  4.254E-01  1.259E+00
                2.044E+00  6.617E-03  2.278E-03  2.416E-01  5.301E-02  1.518E-01
                2.289E-01  1.545E-04  1.160E-01  1.873E-01  2.544E-01  2.404E-03
                3.630E-04  1.141E-02  7.877E-02  2.313E-04  2.833E-03  8.031E-03
                8.174E-02  6.474E-04  8.997E-03  4.809E-05  5.434E-01  5.727E-04
                1.543E-02  3.473E-04  2.133E-04  1.913E-01  8.317E-04  8.673E-03
                2.515E-02  6.464E-04  2.533E-01  2.129E-02  1.476E-04  4.196E-01
                1.190E+00  3.176E-02  6.966E-03  6.458E-04  1.156E-03  1.477E-02
                4.554E-02  1.005E-02  2.286E-02  4.298E-01  2.403E-04  5.803E-02
                4.452E-01  2.134E+00  4.642E-03  1.065E-03  1.268E+00  2.432E-04
                3.609E-05  1.334E-04  1.804E-04  1.141E-01  2.268E-04  1.783E-03
                5.287E-04  2.063E-01  1.764E-01  3.695E-04  2.150E-04  6.542E-04
                1.074E-03  3.304E-02  6.607E-04  1.083E-02  1.416E-03  1.787E+00
                3.577E-01  7.265E-01  2.139E+00  3.470E+00  8.305E-03  3.051E-01
                5.029E-01  7.050E-01  3.984E-03  8.477E-04  8.316E-03  3.058E-01
                6.193E-05  1.069E+00  5.674E-04  6.542E-02  2.343E-04  2.775E-03
                7.006E-01  4.521E-04  8.068E-01  2.428E+00  1.325E-01  1.281E-02
                8.729E-03  3.067E-04  1.741E-01  9.273E-01  4.457E+00  7.468E-03
                1.468E-02  1.076E-04  3.460E-03  2.466E-04  4.808E-01  2.059E+00
                3.513E-01  1.037E-01  1.029E-02  5.045E-04  4.554E-01  1.853E-02
                1.841E-02  2.853E-02  9.400E-04  3.258E+00
3.64120576E+00  9.335E-04  3.609E-04  1.092E-03  1.803E-03  1.152E-02  8.474E-02
                2.483E-04  1.054E-04  3.183E-04  5.281E-04  2.371E-03  2.127E-05
                4.141E-05  4.963E-05  9.069E-04  1.728E-02  4.058E-01  1.202E+00
                1.951E+00  5.825E-03  1.893E-03  2.424E-01  4.989E-02  1.422E-01
                2.123E-01  1.255E-04  1.122E-01  1.811E-01  2.458E-01  2.147E-03
                2.940E-04  9.844E-03  7.755E-02  1.905E-04  2.422E-03  7.463E-03
                8.205E-02  5.547E-04  8.396E-03  3.887E-05  5.207E-01  4.693E-04
                1.517E-02  2.789E-04  1.720E-04  1.866E-01  7.030E-04  7.423E-03
                2.344E-02  5.538E-04  2.537E-01  1.979E-02  1.198E-04  4.029E-01
                1.138E+00  3.110E-02  6.510E-03  5.215E-04  9.522E-04  1.264E-02
                4.274E-02  9.398E-03  2.129E-02  4.299E-01  1.943E-04  5.650E-02
                4.280E-01  2.032E+00  4.210E-03  8.584E-04  1.210E+00  2.024E-04
                2.890E-05  1.098E-04  1.443E-04  1.144E-01  1.834E-04  1.661E-03
                4.273E-04  1.990E-01  1.631E-01  2.977E-04  1.746E-04  5.325E-04
                8.722E-04  3.082E-02  5.372E-04  1.015E-02  1.134E-03  1.702E+00
                3.564E-01  6.306E-01  1.856E+00  3.015E+00  7.418E-03  2.822E-01
                4.654E-01  6.522E-01  3.594E-03  6.662E-04  7.242E-03  2.834E-01
                4.614E-05  9.362E-01  4.388E-04  6.086E-02  1.788E-04  2.475E-03
                6.492E-01  3.699E-04  7.064E-01  2.132E+00  1.233E-01  1.118E-02
                7.795E-03  2.285E-04  1.593E-01  8.204E-01  3.919E+00  6.469E-03
                1.310E-02  8.121E-05  3.166E-03  1.854E-04  4.440E-01  1.787E+00
                3.293E-01  9.823E-02  9.204E-03  3.958E-04  4.285E-01  1.660E-02
                1.612E-02  2.545E-02  7.173E-04  2.863E+00
3.89464971E+00  9.019E-04  3.085E-04  9.352E-04  1.541E-03  1.178E-02  8.852E-02
                2.356E-04  9.061E-05  2.741E-04  4.542E-04  2.505E-03  1.784E-05
                3.600E-05  4.162E-05  9.468E-04  1.799E-02  3.879E-01  1.149E+00
                1.866E+00  5.436E-03  1.615E-03  2.430E-01  4.671E-02  1.325E-01
                1.961E-01  1.041E-04  1.085E-01  1.750E-01  2.376E-01  1.947E-03
                2.432E-04  8.856E-03  7.654E-02  1.613E-04  2.235E-03  6.941E-03
                8.235E-02  4.821E-04  7.851E-03  3.238E-05  4.976E-01  3.919E-04
                1.489E-02  2.285E-04  1.418E-04  1.832E-01  6.095E-04  6.857E-03
                2.185E-02  4.813E-04  2.541E-01  1.845E-02  1.002E-04  3.857E-01
                1.085E+00  3.043E-02  6.106E-03  4.308E-04  8.061E-04  1.168E-02
                4.005E-02  8.789E-03  1.985E-02  4.301E-01  1.618E-04  5.487E-02
                4.103E-01  1.933E+00  3.858E-03  7.080E-04  1.156E+00  1.735E-04
                2.366E-05  9.214E-05  1.180E-04  1.148E-01  1.512E-04  1.559E-03
                3.521E-04  1.920E-01  1.503E-01  2.471E-04  1.453E-04  4.439E-04
                7.256E-04  2.875E-02  4.458E-04  9.541E-03  9.276E-04  1.617E+00
                3.552E-01  5.517E-01  1.623E+00  2.640E+00  6.754E-03  2.627E-01
                4.334E-01  6.070E-01  3.279E-03  5.316E-04  6.435E-03  2.643E-01
                3.477E-05  8.246E-01  3.428E-04  5.675E-02  1.387E-04  2.234E-03
                6.053E-01  3.071E-04  6.221E-01  1.882E+00  1.150E-01  9.829E-03
                7.046E-03  1.722E-04  1.463E-01  7.299E-01  3.465E+00  5.659E-03
                1.183E-02  6.222E-05  2.921E-03  1.417E-04  4.127E-01  1.564E+00
                3.098E-01  9.316E-02  8.328E-03  3.159E-04  4.044E-01  1.505E-02
                1.422E-02  2.297E-02  5.572E-04  2.530E+00
4.14809366E+00  7.565E-04  2.734E-04  8.305E-04  1.366E-03  1.176E-02  9.233E-02
                2.011E-04  7.920E-05  2.399E-04  3.970E-04  2.442E-03  1.518E-05
                3.182E-05  3.541E-05  9.794E-04  1.893E-02  3.714E-01  1.100E+00
                1.787E+00  4.750E-03  1.380E-03  2.435E-01  4.353E-02  1.230E-01
                1.805E-01  8.733E-05  1.049E-01  1.691E-01  2.297E-01  1.786E-03
                2.035E-04  7.697E-03  7.531E-02  1.364E-04  1.915E-03  6.456E-03
                8.250E-02  4.227E-04  7.366E-03  2.705E-05  4.749E-01  3.319E-04
                1.460E-02  1.907E-04  1.183E-04  1.789E-01  5.297E-04  5.884E-03
                2.035E-02  4.221E-04  2.541E-01  1.725E-02  8.412E-05  3.687E-01
                1.033E+00  2.976E-02  5.744E-03  3.599E-04  6.820E-04  1.002E-02
                3.745E-02  8.231E-03  1.855E-02  4.298E-01  1.352E-04  5.322E-02
                3.929E-01  1.837E+00  3.566E-03  5.906E-04  1.106E+00  1.481E-04
                1.957E-05  7.803E-05  9.746E-05  1.149E-01  1.266E-04  1.473E-03
                2.945E-04  1.854E-01  1.380E-01  2.059E-04  1.218E-04  3.728E-04
                6.080E-04  2.682E-02  3.768E-04  8.984E-03  7.727E-04  1.536E+00
                3.537E-01  4.862E-01  1.430E+00  2.328E+00  6.093E-03  2.459E-01
                4.058E-01  5.681E-01  3.021E-03  4.320E-04  5.704E-03  2.480E-01
                2.663E-05  7.302E-01  2.704E-04  5.304E-02  1.089E-04  2.019E-03
                5.677E-01  2.588E-04  5.509E-01  1.670E+00  1.075E-01  8.696E-03
                6.376E-03  1.321E-04  1.348E-01  6.529E-01  3.081E+00  4.990E-03
                1.070E-02  4.840E-05  2.716E-03  1.101E-04  3.858E-01  1.379E+00
                2.926E-01  8.851E-02  7.569E-03  2.557E-04  3.829E-01  1.368E-02
                1.262E-02  2.080E-02  4.391E-04  2.248E+00
