           8           2
          17          12         136
   0           1   0           3   0          -1   0          -3   0          -5   0           1   0          -3   0           3   0          -1   0          -3   0          -5   0           1   0           3   0           5   0           7   0           5   0          -3
    0.000000E+00    1.145905E+00    1.161331E+00    1.161421E+00    1.161606E+00
    1.163117E+00    1.173541E+00    1.352519E+00    1.356653E+00    1.356678E+00
    1.356729E+00    1.356986E+00    1.358976E+00    1.358985E+00    1.359001E+00
    1.359135E+00    1.359996E+00
1.55029315E+00  3.052E-03  1.733E-03  5.200E-03  8.657E-03  8.075E-03  3.353E-02
                1.039E-03  5.411E-04  1.625E-03  2.712E-03  1.644E-03  1.954E-04
                3.266E-04  4.558E-04  4.677E-04  6.211E-03  7.089E-01  2.089E+00
                3.355E+00  2.016E-02  2.556E-02  2.034E-01  3.011E-02  9.020E-02
                1.499E-01  2.625E-03  9.647E-02  1.598E-01  2.249E-01  2.603E-02
                8.692E-03  5.871E-02  8.728E-02  2.686E-03  1.741E-02  7.695E-03
                6.781E-02  5.943E-03  1.297E-02  1.103E-03  3.744E-01  1.262E-02
                1.810E-02  1.021E-02  4.517E-03  2.692E-01  8.283E-03  5.249E-02
                2.313E-02  5.935E-03  2.181E-01  3.669E-02  3.311E-03  2.984E-01
                8.596E-01  5.448E-02  3.417E-02  1.355E-02  1.343E-02  8.820E-02
                3.873E-02  1.304E-02  3.676E-02  3.867E-01  5.515E-03  5.724E-02
                3.392E-01  1.633E+00  5.051E-02  2.254E-02  2.074E+00  2.951E-03
                1.001E-03  3.021E-03  5.010E-03  9.388E-02  5.096E-03  9.603E-03
                1.189E-02  1.708E-01  1.092E-01  9.195E-03  4.290E-03  1.287E-02
                2.144E-02  2.258E-02  1.908E-02  3.888E-02  4.418E-02  1.347E+00
                3.084E-01  3.039E+00  8.923E+00  1.424E+01  2.675E-02  6.340E-01
                1.047E+00  1.470E+00  4.058E-02  2.475E-02  5.639E-02  6.370E-01
                2.561E-03  3.828E+00  1.701E-02  9.298E-02  1.233E-02  1.485E-02
                1.502E+00  8.774E-03  2.930E+00  8.505E+00  2.100E-01  7.883E-02
                4.534E-02  1.280E-02  3.736E-01  3.081E+00  1.556E+01  8.122E-02
                7.582E-02  6.858E-03  1.826E-02  1.600E-02  1.010E+00  8.358E+00
                6.964E-01  1.754E-01  9.192E-02  2.231E-02  8.767E-01  1.519E-01
                9.648E-02  2.203E-01  5.110E-02  1.114E+01
1.80373710E+00  2.542E-03  1.355E-03  4.067E-03  6.767E-03  8.798E-03  4.181E-02
                7.707E-04  4.160E-04  1.250E-03  2.085E-03  1.768E-03  1.303E-04
                2.189E-04  3.039E-04  4.833E-04  8.030E-03  6.325E-01  1.866E+00
                3.004E+00  1.569E-02  1.470E-02  2.199E-01  4.384E-02  1.309E-01
                2.158E-01  1.304E-03  1.159E-01  1.913E-01  2.676E-01  1.255E-02
                3.768E-03  4.058E-02  8.478E-02  1.543E-03  1.080E-02  8.656E-03
                7.373E-02  3.277E-03  1.278E-02  4.741E-04  4.940E-01  5.431E-03
                1.631E-02  4.140E-03  2.088E-03  2.410E-01  4.832E-03  3.266E-02
                2.613E-02  3.272E-03  2.338E-01  3.297E-02  1.425E-03  3.790E-01
                1.120E+00  4.054E-02  1.765E-02  6.266E-03  7.715E-03  5.513E-02
                4.406E-02  1.305E-02  3.336E-02  4.061E-01  2.370E-03  5.697E-02
                4.119E-01  2.095E+00  2.217E-02  1.042E-02  1.862E+00  1.562E-03
                4.110E-04  1.258E-03  2.057E-03  1.030E-01  2.278E-03  5.240E-03
                5.315E-03  2.148E-01  1.671E-01  3.837E-03  1.974E-03  5.933E-03
                9.868E-03  3.139E-02  7.599E-03  2.216E-02  1.750E-02  1.759E+00
                3.391E-01  2.257E+00  6.648E+00  1.068E+01  1.921E-02  5.628E-01
                9.282E-01  1.303E+00  1.606E-02  9.299E-03  3.128E-02  5.669E-01
                9.130E-04  2.975E+00  6.093E-03  9.410E-02  3.821E-03  8.013E-03
                1.314E+00  3.565E-03  2.258E+00  6.647E+00  1.968E-01  4.411E-02
                2.482E-02  4.565E-03  3.247E-01  2.413E+00  1.216E+01  3.508E-02
                4.177E-02  1.960E-03  9.384E-03  4.572E-03  8.976E-01  6.322E+00
                5.897E-01  1.437E-01  3.860E-02  7.039E-03  7.339E-01  6.560E-02
                5.868E-02  9.953E-02  1.574E-02  8.810E+00
2.05718105E+00  2.130E-03  1.082E-03  3.250E-03  5.405E-03  9.392E-03  4.948E-02
                6.148E-04  3.286E-04  9.876E-04  1.647E-03  1.888E-03  9.286E-05
                1.574E-04  2.167E-04  5.440E-04  9.692E-03  5.799E-01  1.712E+00
                2.764E+00  1.303E-02  9.434E-03  2.283E-01  5.307E-02  1.573E-01
                2.553E-01  7.764E-04  1.247E-01  2.045E-01  2.833E-01  7.678E-03
                2.063E-03  3.030E-02  8.362E-02  9.885E-04  7.623E-03  9.563E-03
                7.678E-02  2.176E-03  1.253E-02  2.630E-04  5.612E-01  3.004E-03
                1.610E-02  2.174E-03  1.186E-03  2.256E-01  3.152E-03  2.313E-02
                2.907E-02  2.173E-03  2.421E-01  3.113E-02  7.923E-04  4.282E-01
                1.261E+00  3.662E-02  1.260E-02  3.563E-03  4.941E-03  3.917E-02
                4.966E-02  1.311E-02  3.200E-02  4.168E-01  1.315E-03  5.935E-02
                4.584E-01  2.333E+00  1.323E-02  5.916E-03  1.716E+00  9.852E-04
                2.193E-04  6.877E-04  1.097E-03  1.074E-01  1.270E-03  3.677E-03
                2.963E-03  2.302E-01  1.998E-01  2.092E-03  1.131E-03  3.406E-03
                5.655E-03  3.702E-02  3.970E-03  1.728E-02  9.075E-03  1.964E+00
                3.522E-01  1.799E+00  5.302E+00  8.535E+00  1.627E-02  5.055E-01
                8.328E-01  1.168E+00  1.017E-02  5.005E-03  2.238E-02  5.078E-01
                4.674E-04  2.434E+00  3.304E-03  9.218E-02  1.819E-03  6.082E-03
                1.170E+00  2.063E-03  1.843E+00  5.458E+00  1.891E-01  3.233E-02
                1.895E-02  2.337E-03  2.920E-01  1.997E+00  9.974E+00  2.248E-02
                3.195E-02  8.960E-04  6.985E-03  2.090E-03  8.047E-01  5.070E+00
                5.310E-01  1.357E-01  2.555E-02  3.425E-03  6.656E-01  4.438E-02
                4.449E-02  6.875E-02  7.445E-03  7.262E+00
2.31062501E+00  1.809E-03  8.620E-04  2.592E-03  4.307E-03  9.745E-03  5.627E-02
                5.149E-04  2.602E-04  7.823E-04  1.304E-03  2.003E-03  6.828E-05
                1.172E-04  1.593E-04  6.120E-04  1.110E-02  5.394E-01  1.594E+00
                2.577E+00  1.097E-02  6.547E-03  2.332E-01  5.777E-02  1.700E-01
                2.711E-01  5.116E-04  1.271E-01  2.074E-01  2.852E-01  5.397E-03
                1.293E-03  2.360E-02  8.276E-02  6.834E-04  5.783E-03  9.856E-03
                7.858E-02  1.584E-03  1.198E-02  1.669E-04  5.901E-01  1.914E-03
                1.606E-02  1.325E-03  7.569E-04  2.154E-01  2.224E-03  1.759E-02
                3.018E-02  1.582E-03  2.467E-01  2.920E-02  5.042E-04  4.507E-01
                1.316E+00  3.497E-02  1.040E-02  2.277E-03  3.416E-03  2.985E-02
                5.228E-02  1.280E-02  3.043E-02  4.227E-01  8.344E-04  6.078E-02
                4.794E-01  2.414E+00  9.407E-03  3.777E-03  1.602E+00  6.839E-04
                1.351E-04  4.367E-04  6.764E-04  1.099E-01  8.043E-04  2.920E-03
                1.877E-03  2.323E-01  2.121E-01  1.312E-03  7.305E-04  2.203E-03
                3.651E-03  3.920E-02  2.423E-03  1.508E-02  5.485E-03  2.031E+00
                3.577E-01  1.472E+00  4.341E+00  6.998E+00  1.422E-02  4.549E-01
                7.491E-01  1.050E+00  7.668E-03  3.165E-03  1.753E-02  4.559E-01
                2.819E-04  2.036E+00  2.115E-03  8.799E-02  1.053E-03  5.058E-03
                1.048E+00  1.387E-03  1.539E+00  4.578E+00  1.792E-01  2.576E-02
                1.581E-02  1.408E-03  2.636E-01  1.689E+00  8.361E+00  1.665E-02
                2.666E-02  5.076E-04  5.779E-03  1.183E-03  7.228E-01  4.162E+00
                4.854E-01  1.295E-01  1.982E-02  2.032E-03  6.133E-01  3.490E-02
                3.605E-02  5.446E-02  4.289E-03  6.105E+00
2.56406896E+00  1.570E-03  7.149E-04  2.151E-03  3.572E-03  1.017E-02  6.291E-02
                4.366E-04  2.147E-04  6.460E-04  1.076E-03  2.116E-03  5.242E-05
                9.142E-05  1.223E-04  6.789E-04  1.250E-02  5.061E-01  1.497E+00
                2.423E+00  9.585E-03  4.819E-03  2.364E-01  5.917E-02  1.728E-01
                2.714E-01  3.611E-04  1.263E-01  2.052E-01  2.807E-01  4.139E-03
                8.838E-04  1.923E-02  8.199E-02  5.005E-04  4.696E-03  9.700E-03
                7.977E-02  1.220E-03  1.128E-02  1.154E-04  5.951E-01  1.333E-03
                1.600E-02  8.872E-04  5.218E-04  2.082E-01  1.665E-03  1.431E-02
                2.991E-02  1.218E-03  2.495E-01  2.718E-02  3.496E-04  4.557E-01
                1.320E+00  3.401E-02  9.155E-03  1.572E-03  2.502E-03  2.432E-02
                5.246E-02  1.225E-02  2.865E-02  4.261E-01  5.767E-04  6.112E-02
                4.834E-01  2.403E+00  7.399E-03  2.604E-03  1.506E+00  5.050E-04
                9.115E-05  3.044E-04  4.562E-04  1.115E-01  5.531E-04  2.479E-03
                1.291E-03  2.287E-01  2.117E-01  9.000E-04  5.092E-04  1.539E-03
                2.545E-03  3.912E-02  1.632E-03  1.371E-02  3.652E-03  2.019E+00
                3.596E-01  1.225E+00  3.610E+00  5.829E+00  1.235E-02  4.106E-01
                6.760E-01  9.478E-01  6.250E-03  2.175E-03  1.418E-02  4.108E-01
                1.852E-04  1.725E+00  1.468E-03  8.272E-02  6.796E-04  4.277E-03
                9.428E-01  1.005E-03  1.303E+00  3.889E+00  1.679E-01  2.129E-02
                1.339E-02  9.231E-04  2.383E-01  1.447E+00  7.105E+00  1.317E-02
                2.258E-02  3.232E-04  4.981E-03  7.510E-04  6.510E-01  3.466E+00
                4.464E-01  1.233E-01  1.624E-02  1.345E-03  5.682E-01  2.884E-02
                3.009E-02  4.498E-02  2.754E-03  5.195E+00
2.81751291E+00  1.396E-03  5.877E-04  1.770E-03  2.936E-03  1.061E-02  6.825E-02
                3.753E-04  1.743E-04  5.248E-04  8.737E-04  2.148E-03  4.067E-05
                7.241E-05  9.490E-05  7.426E-04  1.371E-02  4.777E-01  1.413E+00
                2.290E+00  8.580E-03  3.701E-03  2.386E-01  5.845E-02  1.696E-01
                2.626E-01  2.677E-04  1.238E-01  2.007E-01  2.735E-01  3.364E-03
                6.432E-04  1.616E-02  8.098E-02  3.821E-04  3.941E-03  9.289E-03
                8.059E-02  9.761E-04  1.054E-02  8.431E-05  5.862E-01  9.840E-04
                1.588E-02  6.340E-04  3.800E-04  2.022E-01  1.301E-03  1.203E-02
                2.880E-02  9.746E-04  2.513E-01  2.523E-02  2.565E-04  4.501E-01
                1.294E+00  3.326E-02  8.298E-03  1.146E-03  1.910E-03  2.047E-02
                5.110E-02  1.160E-02  2.681E-02  4.280E-01  4.214E-04  6.066E-02
                4.770E-01  2.342E+00  6.182E-03  1.896E-03  1.423E+00  3.896E-04
                6.556E-05  2.263E-04  3.281E-04  1.126E-01  4.027E-04  2.187E-03
                9.395E-04  2.226E-01  2.040E-01  6.538E-04  3.748E-04  1.135E-03
                1.873E-03  3.778E-02  1.176E-03  1.266E-02  2.599E-03  1.966E+00
                3.598E-01  1.031E+00  3.039E+00  4.914E+00  1.067E-02  3.722E-01
                6.130E-01  8.595E-01  5.306E-03  1.571E-03  1.167E-02  3.723E-01
                1.279E-04  1.476E+00  1.067E-03  7.715E-02  4.687E-04  3.647E-03
                8.535E-01  7.616E-04  1.115E+00  3.335E+00  1.564E-01  1.796E-02
                1.144E-02  6.356E-04  2.156E-01  1.251E+00  6.100E+00  1.081E-02
                1.927E-02  2.208E-04  4.386E-03  5.109E-04  5.890E-01  2.921E+00
                4.123E-01  1.171E-01  1.369E-02  9.513E-04  5.285E-01  2.445E-02
                2.554E-02  3.797E-02  1.891E-03  4.463E+00
3.07095686E+00  1.199E-03  5.029E-04  1.517E-03  2.513E-03  1.080E-02  7.418E-02
                3.293E-04  1.494E-04  4.503E-04  7.490E-04  2.267E-03  3.291E-05
                5.994E-05  7.678E-05  7.994E-04  1.493E-02  4.528E-01  1.340E+00
                2.173E+00  7.379E-03  2.927E-03  2.401E-01  5.645E-02  1.628E-01
                2.489E-01  2.060E-04  1.205E-01  1.950E-01  2.652E-01  2.847E-03
                4.889E-04  1.349E-02  8.005E-02  3.000E-04  3.285E-03  8.752E-03
                8.118E-02  8.028E-04  9.829E-03  6.434E-05  5.696E-01  7.591E-04
                1.571E-02  4.747E-04  2.882E-04  1.968E-01  1.047E-03  1.004E-02
                2.727E-02  8.015E-04  2.524E-01  2.338E-02  1.965E-04  4.385E-01
                1.252E+00  3.259E-02  7.637E-03  8.710E-04  1.500E-03  1.709E-02
                4.887E-02  1.091E-02  2.500E-02  4.290E-01  3.216E-04  5.970E-02
                4.648E-01  2.256E+00  5.363E-03  1.439E-03  1.350E+00  3.108E-04
                4.925E-05  1.755E-04  2.464E-04  1.134E-01  3.060E-04  1.978E-03
                7.137E-04  2.155E-01  1.927E-01  4.969E-04  2.871E-04  8.715E-04
                1.435E-03  3.581E-02  8.900E-04  1.178E-02  1.940E-03  1.892E+00
                3.591E-01  8.774E-01  2.585E+00  4.185E+00  9.734E-03  3.394E-01
                5.591E-01  7.840E-01  4.621E-03  1.182E-03  1.012E-02  3.396E-01
                9.194E-05  1.273E+00  7.977E-04  7.171E-02  3.386E-04  3.289E-03
                7.786E-01  5.973E-04  9.611E-01  2.884E+00  1.453E-01  1.536E-02
                1.032E-02  4.561E-04  1.957E-01  1.090E+00  5.282E+00  9.086E-03
                1.738E-02  1.577E-04  3.920E-03  3.632E-04  5.361E-01  2.486E+00
                3.835E-01  1.109E-01  1.215E-02  7.052E-04  4.940E-01  2.181E-02
                2.195E-02  3.383E-02  1.362E-03  3.864E+00
3.32440082E+00  1.122E-03  4.233E-04  1.278E-03  2.115E-03  1.124E-02  7.858E-02
                2.944E-04  1.245E-04  3.757E-04  6.243E-04  2.318E-03  2.655E-05
                4.978E-05  6.196E-05  8.519E-04  1.589E-02  4.306E-01  1.275E+00
                2.068E+00  6.859E-03  2.390E-03  2.413E-01  5.375E-02  1.542E-01
                2.331E-01  1.631E-04  1.169E-01  1.889E-01  2.565E-01  2.479E-03
                3.838E-04  1.188E-02  7.898E-02  2.432E-04  2.940E-03  8.175E-03
                8.164E-02  6.744E-04  9.157E-03  5.077E-05  5.490E-01  6.037E-04
                1.549E-02  3.684E-04  2.258E-04  1.924E-01  8.691E-04  8.997E-03
                2.558E-02  6.733E-04  2.531E-01  2.169E-02  1.557E-04  4.236E-01
                1.203E+00  3.193E-02  7.090E-03  6.833E-04  1.216E-03  1.533E-02
                4.623E-02  1.022E-02  2.327E-02  4.296E-01  2.537E-04  5.839E-02
                4.494E-01  2.159E+00  4.768E-03  1.127E-03  1.284E+00  2.544E-04
                3.826E-05  1.405E-04  1.913E-04  1.140E-01  2.399E-04  1.817E-03
                5.595E-04  2.081E-01  1.798E-01  3.904E-04  2.271E-04  6.906E-04
                1.134E-03  3.360E-02  6.987E-04  1.101E-02  1.502E-03  1.809E+00
                3.580E-01  7.536E-01  2.219E+00  3.599E+00  8.413E-03  3.114E-01
                5.132E-01  7.196E-01  4.096E-03  9.012E-04  8.518E-03  3.120E-01
                6.662E-05  1.106E+00  6.059E-04  6.662E-02  2.513E-04  2.818E-03
                7.148E-01  4.761E-04  8.348E-01  2.511E+00  1.350E-01  1.327E-02
                8.864E-03  3.300E-04  1.781E-01  9.570E-01  4.607E+00  7.752E-03
                1.491E-02  1.158E-04  3.543E-03  2.655E-04  4.910E-01  2.136E+00
                3.570E-01  1.051E-01  1.049E-02  5.373E-04  4.624E-01  1.887E-02
                1.905E-02  2.906E-02  1.008E-03  3.368E+00
3.57784477E+00  9.449E-04  3.697E-04  1.118E-03  1.847E-03  1.127E-02  8.361E-02
                2.556E-04  1.086E-04  3.279E-04  5.444E-04  2.360E-03  2.218E-05
                4.285E-05  5.176E-05  8.962E-04  1.698E-02  4.105E-01  1.216E+00
                1.973E+00  5.910E-03  1.977E-03  2.422E-01  5.068E-02  1.446E-01
                2.164E-01  1.321E-04  1.132E-01  1.826E-01  2.479E-01  2.205E-03
                3.096E-04  1.011E-02  7.789E-02  1.994E-04  2.485E-03  7.602E-03
                8.198E-02  5.758E-04  8.542E-03  4.092E-05  5.264E-01  4.925E-04
                1.524E-02  2.940E-04  1.811E-04  1.877E-01  7.312E-04  7.615E-03
                2.386E-02  5.749E-04  2.536E-01  2.015E-02  1.260E-04  4.071E-01
                1.151E+00  3.127E-02  6.619E-03  5.490E-04  9.966E-04  1.297E-02
                4.344E-02  9.557E-03  2.167E-02  4.299E-01  2.045E-04  5.689E-02
                4.323E-01  2.058E+00  4.309E-03  9.039E-04  1.224E+00  2.118E-04
                3.051E-05  1.152E-04  1.524E-04  1.144E-01  1.931E-04  1.689E-03
                4.499E-04  2.008E-01  1.664E-01  3.137E-04  1.835E-04  5.592E-04
                9.166E-04  3.137E-02  5.644E-04  1.032E-02  1.196E-03  1.723E+00
                3.567E-01  6.528E-01  1.922E+00  3.120E+00  7.746E-03  2.876E-01
                4.742E-01  6.646E-01  3.684E-03  7.083E-04  7.580E-03  2.887E-01
                4.981E-05  9.672E-01  4.678E-04  6.196E-02  1.912E-04  2.586E-03
                6.614E-01  3.890E-04  7.298E-01  2.201E+00  1.255E-01  1.156E-02
                8.138E-03  2.466E-04  1.628E-01  8.454E-01  4.044E+00  6.700E-03
                1.369E-02  8.703E-05  3.234E-03  1.989E-04  4.527E-01  1.850E+00
                3.348E-01  9.956E-02  9.560E-03  4.201E-04  4.351E-01  1.725E-02
                1.666E-02  2.651E-02  7.668E-04  2.955E+00
3.83128872E+00  9.262E-04  3.233E-04  9.797E-04  1.615E-03  1.190E-02  8.762E-02
                2.386E-04  9.449E-05  2.857E-04  4.736E-04  2.480E-03  1.867E-05
                3.732E-05  4.356E-05  9.372E-04  1.785E-02  3.922E-01  1.161E+00
                1.886E+00  5.624E-03  1.680E-03  2.429E-01  4.750E-02  1.349E-01
                2.001E-01  1.088E-04  1.094E-01  1.765E-01  2.396E-01  1.993E-03
                2.543E-04  9.175E-03  7.676E-02  1.681E-04  2.308E-03  7.067E-03
                8.228E-02  4.988E-04  7.982E-03  3.383E-05  5.033E-01  4.092E-04
                1.496E-02  2.398E-04  1.486E-04  1.840E-01  6.314E-04  7.079E-03
                2.223E-02  4.980E-04  2.540E-01  1.877E-02  1.046E-04  3.900E-01
                1.098E+00  3.059E-02  6.203E-03  4.513E-04  8.403E-04  1.206E-02
                4.071E-02  8.937E-03  2.020E-02  4.301E-01  1.691E-04  5.528E-02
                4.147E-01  1.957E+00  3.940E-03  7.420E-04  1.169E+00  1.799E-04
                2.480E-05  9.604E-05  1.237E-04  1.147E-01  1.584E-04  1.583E-03
                3.689E-04  1.938E-01  1.534E-01  2.584E-04  1.520E-04  4.642E-04
                7.591E-04  2.925E-02  4.663E-04  9.688E-03  9.738E-04  1.638E+00
                3.555E-01  5.701E-01  1.677E+00  2.727E+00  6.797E-03  2.673E-01
                4.409E-01  6.176E-01  3.352E-03  5.600E-04  6.535E-03  2.688E-01
                3.709E-05  8.507E-01  3.640E-04  5.774E-02  1.475E-04  2.252E-03
                6.155E-01  3.207E-04  6.419E-01  1.940E+00  1.170E-01  1.014E-02
                7.102E-03  1.837E-04  1.494E-01  7.512E-01  3.572E+00  5.846E-03
                1.193E-02  6.637E-05  2.978E-03  1.512E-04  4.201E-01  1.616E+00
                3.142E-01  9.439E-02  8.433E-03  3.335E-04  4.100E-01  1.522E-02
                1.467E-02  2.322E-02  5.920E-04  2.608E+00
4.08473267E+00  7.833E-04  2.777E-04  8.431E-04  1.387E-03  1.157E-02  9.131E-02
                2.112E-04  8.109E-05  2.456E-04  4.065E-04  2.455E-03  1.570E-05
                3.264E-05  3.664E-05  9.721E-04  1.864E-02  3.754E-01  1.112E+00
                1.806E+00  4.830E-03  1.433E-03  2.434E-01  4.432E-02  1.254E-01
                1.843E-01  9.121E-05  1.058E-01  1.706E-01  2.316E-01  1.823E-03
                2.129E-04  7.891E-03  7.567E-02  1.420E-04  1.967E-03  6.573E-03
                8.245E-02  4.363E-04  7.483E-03  2.828E-05  4.805E-01  3.457E-04
                1.467E-02  1.992E-04  1.235E-04  1.800E-01  5.476E-04  6.040E-03
                2.071E-02  4.357E-04  2.541E-01  1.754E-02  8.783E-05  3.730E-01
                1.046E+00  2.993E-02  5.831E-03  3.758E-04  7.097E-04  1.028E-02
                3.809E-02  8.367E-03  1.886E-02  4.298E-01  1.413E-04  5.363E-02
                3.972E-01  1.860E+00  3.634E-03  6.168E-04  1.118E+00  1.542E-04
                2.053E-05  8.136E-05  1.023E-04  1.149E-01  1.322E-04  1.493E-03
                3.076E-04  1.870E-01  1.410E-01  2.154E-04  1.270E-04  3.886E-04
                6.341E-04  2.729E-02  3.924E-04  9.119E-03  8.076E-04  1.556E+00
                3.540E-01  5.015E-01  1.475E+00  2.401E+00  6.359E-03  2.499E-01
                4.123E-01  5.773E-01  3.081E-03  4.558E-04  5.958E-03  2.519E-01
                2.859E-05  7.524E-01  2.869E-04  5.393E-02  1.157E-04  2.107E-03
                5.767E-01  2.703E-04  5.676E-01  1.720E+00  1.093E-01  8.961E-03
                6.648E-03  1.418E-04  1.375E-01  6.710E-01  3.171E+00  5.146E-03
                1.116E-02  5.150E-05  2.764E-03  1.172E-04  3.921E-01  1.422E+00
                2.970E-01  8.964E-02  7.843E-03  2.695E-04  3.882E-01  1.419E-02
                1.300E-02  2.162E-02  4.660E-04  2.315E+00
4.33817663E+00  7.490E-04  2.599E-04  7.903E-04  1.299E-03  1.249E-02  9.549E-02
                1.891E-04  7.507E-05  2.276E-04  3.763E-04  2.584E-03  1.387E-05
                2.981E-05  3.237E-05  1.001E-03  1.968E-02  3.598E-01  1.066E+00
                1.732E+00  4.707E-03  1.251E-03  2.439E-01  4.125E-02  1.162E-01
                1.695E-01  7.718E-05  1.022E-01  1.649E-01  2.240E-01  1.684E-03
                1.795E-04  7.345E-03  7.440E-02  1.229E-04  1.870E-03  6.134E-03
                8.273E-02  3.862E-04  7.034E-03  2.404E-05  4.582E-01  2.954E-04
                1.437E-02  1.679E-04  1.048E-04  1.765E-01  4.852E-04  5.746E-03
                1.934E-02  3.856E-04  2.545E-01  1.644E-02  7.501E-05  3.562E-01
                9.960E-01  2.925E-02  5.494E-03  3.193E-04  6.142E-04  9.786E-03
                3.567E-02  7.842E-03  1.765E-02  4.302E-01  1.201E-04  5.196E-02
                3.800E-01  1.767E+00  3.373E-03  5.233E-04  1.071E+00  1.338E-04
                1.713E-05  6.941E-05  8.518E-05  1.151E-01  1.117E-04  1.415E-03
                2.597E-04  1.806E-01  1.294E-01  1.824E-04  1.087E-04  3.333E-04
                5.425E-04  2.552E-02  3.352E-04  8.597E-03  6.798E-04  1.478E+00
                3.531E-01  4.442E-01  1.306E+00  2.128E+00  5.541E-03  2.349E-01
                3.877E-01  5.424E-01  2.856E-03  3.702E-04  5.146E-03  2.372E-01
                2.165E-05  6.689E-01  2.272E-04  5.051E-02  9.140E-05  1.824E-03
                5.428E-01  2.286E-04  5.045E-01  1.533E+00  1.023E-01  7.963E-03
                5.772E-03  1.075E-04  1.271E-01  6.025E-01  2.830E+00  4.561E-03
                9.672E-03  4.035E-05  2.582E-03  9.174E-05  3.681E-01  1.260E+00
                2.805E-01  8.522E-02  6.934E-03  2.198E-04  3.679E-01  1.253E-02
                1.158E-02  1.892E-02  3.699E-04  2.064E+00
