           8           2
          17          12         136
   0           1   0           3   0          -1   0          -3   0          -5   0           1   0          -3   0           3   0          -1   0          -3   0          -5   0           1   0           3   0           5   0           7   0           5   0          -3
    0.000000E+00    1.145905E+00    1.161331E+00    1.161421E+00    1.161606E+00
    1.163117E+00    1.173541E+00    1.352519E+00    1.356653E+00    1.356678E+00
    1.356729E+00    1.356986E+00    1.358976E+00    1.358985E+00    1.359001E+00
    1.359135E+00    1.359996E+00
1.39189068E+00  3.502E-03  1.980E-03  5.942E-03  9.895E-03  7.493E-03  2.760E-02
                1.442E-03  6.171E-04  1.853E-03  3.093E-03  1.607E-03  2.604E-04
                4.351E-04  6.076E-04  5.924E-04  4.749E-03  7.799E-01  2.299E+00
                3.694E+00  2.524E-02  3.849E-02  1.817E-01  2.118E-02  6.345E-02
                1.055E-01  4.998E-03  7.591E-02  1.260E-01  1.771E-01  4.938E-02
                1.752E-02  7.761E-02  9.056E-02  4.048E-03  2.544E-02  9.444E-03
                6.013E-02  1.088E-02  1.500E-02  2.500E-03  2.645E-01  2.605E-02
                2.386E-02  2.184E-02  8.873E-03  3.002E-01  1.239E-02  7.655E-02
                2.837E-02  1.086E-02  2.002E-01  4.743E-02  7.502E-03  2.343E-01
                6.224E-01  8.521E-02  6.726E-02  2.659E-02  2.024E-02  1.282E-01
                4.743E-02  1.502E-02  4.743E-02  3.702E-01  1.250E-02  6.819E-02
                2.932E-01  1.216E+00  1.061E-01  4.424E-02  2.289E+00  5.389E-03
                2.232E-03  6.704E-03  1.116E-02  8.070E-02  9.976E-03  1.731E-02
                2.328E-02  1.165E-01  6.268E-02  2.135E-02  8.799E-03  2.639E-02
                4.394E-02  1.992E-02  4.163E-02  7.401E-02  9.661E-02  9.524E-01
                2.654E-01  4.360E+00  1.279E+01  2.031E+01  5.926E-02  7.336E-01
                1.212E+00  1.699E+00  1.379E-01  7.073E-02  1.424E-01  7.041E-01
                7.605E-03  5.260E+00  5.997E-02  1.028E-01  4.576E-02  4.217E-02
                1.760E+00  2.437E-02  4.110E+00  1.156E+01  2.906E-01  1.972E-01
                1.270E-01  3.803E-02  4.920E-01  4.288E+00  2.107E+01  2.520E-01
                2.110E-01  2.742E-02  5.328E-02  6.397E-02  1.154E+00  1.192E+01
                9.422E-01  3.534E-01  3.070E-01  7.967E-02  1.307E+00  5.026E-01
                2.113E-01  7.054E-01  1.843E-01  1.429E+01
1.64533463E+00  2.836E-03  1.585E-03  4.757E-03  7.918E-03  8.320E-03  3.688E-02
                9.162E-04  4.916E-04  1.477E-03  2.464E-03  1.692E-03  1.664E-04
                2.786E-04  3.882E-04  4.632E-04  6.934E-03  6.762E-01  1.993E+00
                3.204E+00  1.795E-02  2.044E-02  2.111E-01  3.564E-02  1.067E-01
                1.770E-01  1.958E-03  1.053E-01  1.743E-01  2.450E-01  1.907E-02
                6.116E-03  5.026E-02  8.605E-02  2.148E-03  1.421E-02  7.922E-03
                7.056E-02  4.594E-03  1.280E-02  7.686E-04  4.260E-01  8.834E-03
                1.698E-02  6.984E-03  3.267E-03  2.559E-01  6.659E-03  4.290E-02
                2.384E-02  4.587E-03  2.252E-01  3.461E-02  2.308E-03  3.320E-01
                9.724E-01  4.678E-02  2.525E-02  9.801E-03  1.074E-02  7.221E-02
                3.998E-02  1.291E-02  3.477E-02  3.951E-01  3.842E-03  5.613E-02
                3.685E-01  1.834E+00  3.535E-02  1.630E-02  1.983E+00  2.253E-03
                6.860E-04  2.079E-03  3.432E-03  9.819E-02  3.637E-03  7.333E-03
                8.485E-03  1.921E-01  1.337E-01  6.325E-03  3.087E-03  9.269E-03
                1.543E-02  2.602E-02  1.294E-02  2.972E-02  2.991E-02  1.529E+00
                3.230E-01  2.677E+00  7.873E+00  1.260E+01  2.246E-02  6.042E-01
                9.972E-01  1.400E+00  2.612E-02  1.602E-02  4.268E-02  6.086E-01
                1.625E-03  3.445E+00  1.066E-02  9.354E-02  7.329E-03  1.084E-02
                1.422E+00  5.845E-03  2.625E+00  7.674E+00  2.022E-01  5.967E-02
                3.334E-02  8.124E-03  3.508E-01  2.777E+00  1.404E+01  5.470E-02
                5.591E-02  3.927E-03  1.309E-02  9.163E-03  9.639E-01  7.433E+00
                6.437E-01  1.556E-01  6.037E-02  1.335E-02  8.020E-01  1.008E-01
                7.611E-02  1.491E-01  3.032E-02  1.012E+01
1.89877858E+00  2.333E-03  1.237E-03  3.716E-03  6.182E-03  8.894E-03  4.485E-02
                6.987E-04  3.786E-04  1.138E-03  1.898E-03  1.813E-03  1.142E-04
                1.924E-04  2.664E-04  5.033E-04  8.651E-03  6.109E-01  1.803E+00
                2.906E+00  1.438E-02  1.230E-02  2.236E-01  4.788E-02  1.426E-01
                2.338E-01  1.057E-03  1.202E-01  1.979E-01  2.758E-01  1.022E-02
                2.943E-03  3.588E-02  8.430E-02  1.290E-03  9.314E-03  9.066E-03
                7.507E-02  2.769E-03  1.273E-02  3.723E-04  5.247E-01  4.257E-03
                1.618E-02  3.179E-03  1.659E-03  2.341E-01  4.067E-03  2.821E-02
                2.743E-02  2.765E-03  2.375E-01  3.226E-02  1.120E-03  4.011E-01
                1.185E+00  3.858E-02  1.516E-02  4.981E-03  6.451E-03  4.767E-02
                4.647E-02  1.311E-02  3.283E-02  4.108E-01  1.861E-03  5.791E-02
                4.328E-01  2.208E+00  1.778E-02  8.278E-03  1.803E+00  1.294E-03
                3.173E-04  9.793E-04  1.588E-03  1.050E-01  1.795E-03  4.496E-03
                4.188E-03  2.229E-01  1.823E-01  2.991E-03  1.573E-03  4.729E-03
                7.861E-03  3.396E-02  5.818E-03  1.975E-02  1.337E-02  1.856E+00
                3.453E-01  2.064E+00  6.081E+00  9.775E+00  1.796E-02  5.404E-01
                8.909E-01  1.250E+00  1.310E-02  7.179E-03  2.717E-02  5.438E-01
                6.916E-04  2.749E+00  4.703E-03  9.373E-02  2.802E-03  7.093E-03
                1.257E+00  2.832E-03  2.084E+00  6.153E+00  1.942E-01  3.865E-02
                2.203E-02  3.458E-03  3.117E-01  2.239E+00  1.125E+01  2.892E-02
                3.711E-02  1.410E-03  8.226E-03  3.291E-03  8.613E-01  5.797E+00
                5.653E-01  1.401E-01  3.209E-02  5.200E-03  7.051E-01  5.505E-02
                5.223E-02  8.437E-02  1.151E-02  8.169E+00
2.15222254E+00  2.022E-03  9.931E-04  2.984E-03  4.962E-03  9.551E-03  5.215E-02
                5.766E-04  3.010E-04  9.047E-04  1.509E-03  1.938E-03  8.220E-05
                1.400E-04  1.918E-04  5.696E-04  1.024E-02  5.636E-01  1.665E+00
                2.689E+00  1.222E-02  8.166E-03  2.304E-01  5.530E-02  1.635E-01
                2.636E-01  6.573E-04  1.261E-01  2.064E-01  2.851E-01  6.641E-03
                1.709E-03  2.751E-02  8.334E-02  8.545E-04  6.861E-03  9.739E-03
                7.756E-02  1.916E-03  1.235E-02  2.192E-04  5.757E-01  2.504E-03
                1.608E-02  1.781E-03  9.911E-04  2.215E-01  2.745E-03  2.083E-02
                2.969E-02  1.913E-03  2.441E-01  3.042E-02  6.609E-04  4.392E-01
                1.290E+00  3.586E-02  1.160E-02  2.979E-03  4.272E-03  3.532E-02
                5.098E-02  1.303E-02  3.144E-02  4.195E-01  1.096E-03  6.003E-02
                4.688E-01  2.378E+00  1.147E-02  4.945E-03  1.671E+00  8.504E-04
                1.804E-04  5.717E-04  9.027E-04  1.085E-01  1.057E-03  3.337E-03
                2.467E-03  2.320E-01  2.064E-01  1.735E-03  9.492E-04  2.859E-03
                4.744E-03  3.818E-02  3.252E-03  1.629E-02  7.408E-03  2.001E+00
                3.549E-01  1.665E+00  4.908E+00  7.905E+00  1.528E-02  4.858E-01
                8.001E-01  1.122E+00  9.026E-03  4.151E-03  2.014E-02  4.875E-01
                3.806E-04  2.272E+00  2.756E-03  9.080E-02  1.456E-03  5.582E-03
                1.122E+00  1.754E-03  1.719E+00  5.100E+00  1.856E-01  2.951E-02
                1.742E-02  1.902E-03  2.810E-01  1.872E+00  9.318E+00  1.986E-02
                2.937E-02  7.108E-04  6.459E-03  1.658E-03  7.728E-01  4.698E+00
                5.125E-01  1.334E-01  2.280E-02  2.766E-03  6.445E-01  3.982E-02
                4.092E-02  6.186E-02  5.948E-03  6.793E+00
2.40566649E+00  1.707E-03  8.024E-04  2.413E-03  4.009E-03  9.965E-03  5.871E-02
                4.740E-04  2.406E-04  7.237E-04  1.206E-03  2.007E-03  6.170E-05
                1.065E-04  1.440E-04  6.371E-04  1.167E-02  5.262E-01  1.555E+00
                2.516E+00  1.058E-02  5.808E-03  2.346E-01  5.861E-02  1.719E-01
                2.727E-01  4.462E-04  1.271E-01  2.070E-01  2.840E-01  4.844E-03
                1.112E-03  2.196E-02  8.245E-02  6.053E-04  5.369E-03  9.839E-03
                7.909E-02  1.429E-03  1.173E-02  1.441E-04  5.941E-01  1.657E-03
                1.604E-02  1.130E-03  6.534E-04  2.126E-01  1.986E-03  1.634E-02
                3.021E-02  1.427E-03  2.479E-01  2.844E-02  4.357E-04  4.541E-01
                1.322E+00  3.456E-02  9.868E-03  1.967E-03  3.026E-03  2.776E-02
                5.259E-02  1.262E-02  2.978E-02  4.242E-01  7.202E-04  6.102E-02
                4.825E-01  2.418E+00  8.519E-03  3.260E-03  1.564E+00  6.066E-04
                1.156E-04  3.783E-04  5.789E-04  1.106E-01  6.933E-04  2.730E-03
                1.618E-03  2.314E-01  2.131E-01  1.129E-03  6.331E-04  1.911E-03
                3.164E-03  3.938E-02  2.069E-03  1.451E-02  4.665E-03  2.033E+00
                3.587E-01  1.372E+00  4.044E+00  6.524E+00  1.329E-02  4.376E-01
                7.205E-01  1.010E+00  7.057E-03  2.723E-03  1.598E-02  4.382E-01
                2.384E-04  1.911E+00  1.831E-03  8.609E-02  8.842E-04  4.681E-03
                1.006E+00  1.219E-03  1.444E+00  4.300E+00  1.751E-01  2.391E-02
                1.465E-02  1.190E-03  2.538E-01  1.592E+00  7.856E+00  1.516E-02
                2.469E-02  4.240E-04  5.447E-03  9.870E-04  6.947E-01  3.880E+00
                4.697E-01  1.272E-01  1.815E-02  1.722E-03  5.954E-01  3.207E-02
                3.360E-02  5.000E-02  3.593E-03  5.740E+00
2.65911044E+00  1.506E-03  6.638E-04  1.998E-03  3.317E-03  1.034E-02  6.503E-02
                4.199E-04  1.989E-04  5.986E-04  9.970E-04  2.154E-03  4.746E-05
                8.337E-05  1.107E-04  7.043E-04  1.296E-02  4.950E-01  1.464E+00
                2.371E+00  9.031E-03  4.339E-03  2.373E-01  5.910E-02  1.721E-01
                2.689E-01  3.210E-04  1.255E-01  2.037E-01  2.783E-01  3.808E-03
                7.801E-04  1.780E-02  8.160E-02  4.497E-04  4.320E-03  9.567E-03
                8.011E-02  1.118E-03  1.100E-02  1.019E-04  5.930E-01  1.183E-03
                1.596E-02  7.771E-04  4.608E-04  2.056E-01  1.509E-03  1.317E-02
                2.956E-02  1.116E-03  2.503E-01  2.644E-02  3.093E-04  4.545E-01
                1.313E+00  3.371E-02  8.802E-03  1.389E-03  2.248E-03  2.240E-02
                5.209E-02  1.202E-02  2.796E-02  4.269E-01  5.094E-04  6.103E-02
                4.819E-01  2.384E+00  6.878E-03  2.299E-03  1.474E+00  4.561E-04
                8.008E-05  2.708E-04  4.008E-04  1.120E-01  4.883E-04  2.357E-03
                1.139E-03  2.266E-01  2.094E-01  7.932E-04  4.516E-04  1.366E-03
                2.257E-03  3.873E-02  1.434E-03  1.329E-02  3.194E-03  2.003E+00
                3.598E-01  1.147E+00  3.380E+00  5.460E+00  1.187E-02  3.955E-01
                6.513E-01  9.131E-01  5.857E-03  1.921E-03  1.329E-02  3.957E-01
                1.609E-04  1.625E+00  1.298E-03  8.064E-02  5.880E-04  4.086E-03
                9.078E-01  9.035E-04  1.228E+00  3.667E+00  1.636E-01  1.994E-02
                1.280E-02  8.014E-04  2.295E-01  1.369E+00  6.703E+00  1.220E-02
                2.158E-02  2.785E-04  4.740E-03  6.461E-04  6.267E-01  3.247E+00
                4.334E-01  1.210E-01  1.535E-02  1.175E-03  5.531E-01  2.735E-02
                2.825E-02  4.265E-02  2.379E-03  4.903E+00
2.91255439E+00  1.307E-03  5.513E-04  1.661E-03  2.754E-03  1.060E-02  7.052E-02
                3.521E-04  1.638E-04  4.933E-04  8.210E-04  2.190E-03  3.753E-05
                6.735E-05  8.758E-05  7.635E-04  1.414E-02  4.680E-01  1.385E+00
                2.245E+00  8.177E-03  3.383E-03  2.392E-01  5.782E-02  1.673E-01
                2.579E-01  2.419E-04  1.226E-01  1.986E-01  2.705E-01  3.147E-03
                5.773E-04  1.515E-02  8.070E-02  3.483E-04  3.716E-03  9.097E-03
                8.083E-02  9.046E-04  1.027E-02  7.597E-05  5.806E-01  8.890E-04
                1.582E-02  5.660E-04  3.412E-04  2.003E-01  1.196E-03  1.135E-02
                2.826E-02  9.031E-04  2.518E-01  2.452E-02  2.314E-04  4.463E-01
                1.280E+00  3.300E-02  8.033E-03  1.030E-03  1.741E-03  1.932E-02
                5.034E-02  1.134E-02  2.612E-02  4.284E-01  3.797E-04  6.035E-02
                4.730E-01  2.312E+00  5.840E-03  1.703E-03  1.395E+00  3.573E-04
                5.859E-05  2.047E-04  2.932E-04  1.129E-01  3.617E-04  2.101E-03
                8.438E-04  2.200E-01  2.001E-01  5.881E-04  3.378E-04  1.024E-03
                1.688E-03  3.709E-02  1.054E-03  1.231E-02  2.318E-03  1.940E+00
                3.596E-01  9.695E-01  2.857E+00  4.622E+00  1.027E-02  3.593E-01
                5.917E-01  8.298E-01  5.025E-03  1.406E-03  1.101E-02  3.594E-01
                1.125E-04  1.395E+00  9.537E-04  7.508E-02  4.131E-04  3.485E-03
                8.238E-01  6.928E-04  1.053E+00  3.155E+00  1.522E-01  1.691E-02
                1.094E-02  5.588E-04  2.079E-01  1.187E+00  5.774E+00  1.011E-02
                1.842E-02  1.937E-04  4.199E-03  4.475E-04  5.682E-01  2.746E+00
                4.009E-01  1.147E-01  1.301E-02  8.464E-04  5.150E-01  2.328E-02
                2.410E-02  3.613E-02  1.664E-03  4.224E+00
3.16599835E+00  1.179E-03  4.744E-04  1.431E-03  2.370E-03  1.110E-02  7.589E-02
                3.173E-04  1.399E-04  4.218E-04  7.014E-04  2.278E-03  3.030E-05
                5.577E-05  7.070E-05  8.206E-04  1.536E-02  4.442E-01  1.315E+00
                2.133E+00  7.156E-03  2.702E-03  2.406E-01  5.550E-02  1.597E-01
                2.431E-01  1.880E-04  1.192E-01  1.927E-01  2.619E-01  2.695E-03
                4.451E-04  1.281E-02  7.958E-02  2.762E-04  3.121E-03  8.537E-03
                8.137E-02  7.502E-04  9.572E-03  5.856E-05  5.622E-01  6.941E-04
                1.563E-02  4.301E-04  2.620E-04  1.949E-01  9.726E-04  9.543E-03
                2.665E-02  7.490E-04  2.527E-01  2.273E-02  1.791E-04  4.332E-01
                1.235E+00  3.234E-02  7.421E-03  7.924E-04  1.381E-03  1.625E-02
                4.791E-02  1.065E-02  2.434E-02  4.293E-01  2.927E-04  5.923E-02
                4.593E-01  2.220E+00  5.120E-03  1.308E-03  1.324E+00  2.869E-04
                4.465E-05  1.609E-04  2.233E-04  1.136E-01  2.784E-04  1.913E-03
                6.492E-04  2.127E-01  1.879E-01  4.515E-04  2.620E-04  7.957E-04
                1.309E-03  3.499E-02  8.098E-04  1.148E-02  1.757E-03  1.861E+00
                3.587E-01  8.279E-01  2.438E+00  3.951E+00  9.150E-03  3.284E-01
                5.410E-01  7.586E-01  4.408E-03  1.064E-03  9.428E-03  3.287E-01
                8.127E-05  1.207E+00  7.182E-04  6.976E-02  3.018E-04  3.086E-03
                7.534E-01  5.472E-04  9.109E-01  2.736E+00  1.413E-01  1.452E-02
                9.696E-03  4.029E-04  1.888E-01  1.037E+00  5.014E+00  8.547E-03
                1.632E-02  1.400E-04  3.769E-03  3.220E-04  5.183E-01  2.346E+00
                3.731E-01  1.087E-01  1.145E-02  6.348E-04  4.816E-01  2.056E-02
                2.079E-02  3.180E-02  1.213E-03  3.667E+00
3.41944230E+00  1.047E-03  3.973E-04  1.201E-03  1.985E-03  1.110E-02  8.045E-02
                2.799E-04  1.174E-04  3.544E-04  5.887E-04  2.349E-03  2.473E-05
                4.688E-05  5.770E-05  8.687E-04  1.622E-02  4.228E-01  1.252E+00
                2.032E+00  6.478E-03  2.223E-03  2.417E-01  5.263E-02  1.507E-01
                2.269E-01  1.505E-04  1.155E-01  1.865E-01  2.533E-01  2.368E-03
                3.533E-04  1.117E-02  7.866E-02  2.255E-04  2.771E-03  7.960E-03
                8.178E-02  6.346E-04  8.919E-03  4.680E-05  5.406E-01  5.581E-04
                1.540E-02  3.374E-04  2.074E-04  1.908E-01  8.136E-04  8.485E-03
                2.494E-02  6.336E-04  2.534E-01  2.109E-02  1.437E-04  4.176E-01
                1.184E+00  3.168E-02  6.906E-03  6.281E-04  1.127E-03  1.445E-02
                4.519E-02  9.964E-03  2.266E-02  4.298E-01  2.339E-04  5.785E-02
                4.431E-01  2.121E+00  4.582E-03  1.035E-03  1.261E+00  2.378E-04
                3.508E-05  1.301E-04  1.753E-04  1.141E-01  2.206E-04  1.766E-03
                5.143E-04  2.054E-01  1.748E-01  3.595E-04  2.092E-04  6.369E-04
                1.045E-03  3.276E-02  6.429E-04  1.074E-02  1.375E-03  1.777E+00
                3.576E-01  7.134E-01  2.100E+00  3.408E+00  8.259E-03  3.021E-01
                4.979E-01  6.980E-01  3.931E-03  8.228E-04  8.225E-03  3.028E-01
                5.976E-05  1.051E+00  5.492E-04  6.482E-02  2.264E-04  2.758E-03
                6.938E-01  4.409E-04  7.932E-01  2.388E+00  1.313E-01  1.259E-02
                8.674E-03  2.960E-04  1.721E-01  9.129E-01  4.384E+00  7.331E-03
                1.459E-02  1.038E-04  3.420E-03  2.377E-04  4.759E-01  2.022E+00
                3.485E-01  1.030E-01  1.020E-02  4.891E-04  4.519E-01  1.838E-02
                1.810E-02  2.831E-02  9.083E-04  3.205E+00
3.67288625E+00  9.329E-04  3.560E-04  1.077E-03  1.779E-03  1.165E-02  8.526E-02
                2.456E-04  1.037E-04  3.133E-04  5.198E-04  2.383E-03  2.083E-05
                4.071E-05  4.860E-05  9.121E-04  1.741E-02  4.034E-01  1.195E+00
                1.940E+00  5.805E-03  1.854E-03  2.425E-01  4.949E-02  1.410E-01
                2.102E-01  1.225E-04  1.117E-01  1.803E-01  2.448E-01  2.119E-03
                2.866E-04  9.738E-03  7.739E-02  1.864E-04  2.402E-03  7.395E-03
                8.209E-02  5.447E-04  8.325E-03  3.793E-05  5.178E-01  4.583E-04
                1.514E-02  2.718E-04  1.677E-04  1.861E-01  6.900E-04  7.362E-03
                2.323E-02  5.438E-04  2.537E-01  1.961E-02  1.170E-04  4.007E-01
                1.131E+00  3.101E-02  6.457E-03  5.087E-04  9.317E-04  1.254E-02
                4.239E-02  9.319E-03  2.110E-02  4.299E-01  1.895E-04  5.630E-02
                4.258E-01  2.020E+00  4.162E-03  8.371E-04  1.203E+00  1.981E-04
                2.814E-05  1.073E-04  1.405E-04  1.145E-01  1.788E-04  1.647E-03
                4.166E-04  1.981E-01  1.615E-01  2.903E-04  1.705E-04  5.199E-04
                8.514E-04  3.055E-02  5.243E-04  1.007E-02  1.105E-03  1.691E+00
                3.562E-01  6.199E-01  1.824E+00  2.964E+00  7.259E-03  2.796E-01
                4.611E-01  6.461E-01  3.551E-03  6.462E-04  7.078E-03  2.809E-01
                4.441E-05  9.212E-01  4.251E-04  6.033E-02  1.730E-04  2.420E-03
                6.432E-01  3.608E-04  6.950E-01  2.098E+00  1.222E-01  1.100E-02
                7.626E-03  2.199E-04  1.575E-01  8.082E-01  3.858E+00  6.358E-03
                1.281E-02  7.847E-05  3.133E-03  1.791E-04  4.398E-01  1.757E+00
                3.266E-01  9.758E-02  9.028E-03  3.843E-04  4.252E-01  1.628E-02
                1.587E-02  2.493E-02  6.940E-04  2.818E+00
3.92633020E+00  8.845E-04  3.015E-04  9.143E-04  1.506E-03  1.170E-02  8.897E-02
                2.332E-04  8.873E-05  2.684E-04  4.448E-04  2.509E-03  1.743E-05
                3.537E-05  4.068E-05  9.514E-04  1.807E-02  3.857E-01  1.142E+00
                1.856E+00  5.324E-03  1.583E-03  2.431E-01  4.631E-02  1.313E-01
                1.941E-01  1.018E-04  1.080E-01  1.743E-01  2.366E-01  1.925E-03
                2.379E-04  8.680E-03  7.643E-02  1.579E-04  2.190E-03  6.879E-03
                8.237E-02  4.740E-04  7.788E-03  3.167E-05  4.947E-01  3.836E-04
                1.486E-02  2.231E-04  1.385E-04  1.827E-01  5.987E-04  6.720E-03
                2.166E-02  4.732E-04  2.541E-01  1.829E-02  9.807E-05  3.836E-01
                1.078E+00  3.035E-02  6.058E-03  4.209E-04  7.892E-04  1.145E-02
                3.972E-02  8.717E-03  1.968E-02  4.301E-01  1.582E-04  5.467E-02
                4.081E-01  1.920E+00  3.819E-03  6.917E-04  1.149E+00  1.704E-04
                2.312E-05  9.026E-05  1.153E-04  1.148E-01  1.478E-04  1.548E-03
                3.441E-04  1.912E-01  1.487E-01  2.416E-04  1.420E-04  4.341E-04
                7.093E-04  2.851E-02  4.361E-04  9.468E-03  9.058E-04  1.607E+00
                3.550E-01  5.429E-01  1.597E+00  2.598E+00  6.732E-03  2.605E-01
                4.297E-01  6.019E-01  3.244E-03  5.183E-04  6.386E-03  2.621E-01
                3.369E-05  8.119E-01  3.327E-04  5.626E-02  1.345E-04  2.227E-03
                6.004E-01  3.006E-04  6.126E-01  1.854E+00  1.140E-01  9.677E-03
                7.021E-03  1.669E-04  1.447E-01  7.196E-01  3.414E+00  5.569E-03
                1.179E-02  6.026E-05  2.894E-03  1.372E-04  4.091E-01  1.539E+00
                3.077E-01  9.256E-02  8.280E-03  3.076E-04  4.017E-01  1.497E-02
                1.401E-02  2.286E-02  5.408E-04  2.493E+00
4.17977416E+00  7.485E-04  2.719E-04  8.259E-04  1.358E-03  1.189E-02  9.287E-02
                1.969E-04  7.846E-05  2.377E-04  3.933E-04  2.447E-03  1.494E-05
                3.146E-05  3.486E-05  9.830E-04  1.908E-02  3.694E-01  1.094E+00
                1.778E+00  4.736E-03  1.356E-03  2.435E-01  4.314E-02  1.219E-01
                1.786E-01  8.547E-05  1.044E-01  1.684E-01  2.287E-01  1.768E-03
                1.990E-04  7.628E-03  7.513E-02  1.339E-04  1.900E-03  6.399E-03
                8.253E-02  4.162E-04  7.309E-03  2.648E-05  4.721E-01  3.254E-04
                1.456E-02  1.866E-04  1.158E-04  1.785E-01  5.214E-04  5.839E-03
                2.017E-02  4.156E-04  2.541E-01  1.711E-02  8.240E-05  3.666E-01
                1.027E+00  2.967E-02  5.701E-03  3.525E-04  6.693E-04  9.940E-03
                3.714E-02  8.164E-03  1.839E-02  4.299E-01  1.323E-04  5.301E-02
                3.907E-01  1.825E+00  3.532E-03  5.783E-04  1.100E+00  1.453E-04
                1.911E-05  7.643E-05  9.516E-05  1.149E-01  1.239E-04  1.463E-03
                2.882E-04  1.846E-01  1.365E-01  2.014E-04  1.194E-04  3.655E-04
                5.959E-04  2.659E-02  3.694E-04  8.918E-03  7.561E-04  1.526E+00
                3.535E-01  4.788E-01  1.408E+00  2.293E+00  5.960E-03  2.440E-01
                4.026E-01  5.636E-01  2.991E-03  4.205E-04  5.577E-03  2.461E-01
                2.568E-05  7.195E-01  2.626E-04  5.260E-02  1.057E-04  1.974E-03
                5.634E-01  2.533E-04  5.428E-01  1.646E+00  1.066E-01  8.567E-03
                6.236E-03  1.274E-04  1.335E-01  6.441E-01  3.037E+00  4.914E-03
                1.046E-02  4.693E-05  2.692E-03  1.067E-04  3.827E-01  1.358E+00
                2.905E-01  8.795E-02  7.429E-03  2.492E-04  3.803E-01  1.343E-02
                1.244E-02  2.037E-02  4.264E-04  2.216E+00
