           8           2
          17          12         136
   0           1   0           3   0          -1   0          -3   0          -5   0           1   0          -3   0           3   0          -1   0          -3   0          -5   0           1   0           3   0           5   0           7   0           5   0          -3
    0.000000E+00    1.145905E+00    1.161331E+00    1.161421E+00    1.161606E+00
    1.163117E+00    1.173541E+00    1.352519E+00    1.356653E+00    1.356678E+00
    1.356729E+00    1.356986E+00    1.358976E+00    1.358985E+00    1.359001E+00
    1.359135E+00    1.359996E+00
1.42357117E+00  3.394E-03  1.931E-03  5.794E-03  9.647E-03  7.592E-03  2.887E-02
                1.322E-03  6.062E-04  1.820E-03  3.038E-03  1.597E-03  2.450E-04
                4.093E-04  5.717E-04  5.382E-04  5.110E-03  7.638E-01  2.251E+00
                3.615E+00  2.391E-02  3.534E-02  1.873E-01  2.276E-02  6.818E-02
                1.133E-01  4.278E-03  8.099E-02  1.343E-01  1.890E-01  4.296E-02
                1.511E-02  7.307E-02  8.978E-02  3.715E-03  2.348E-02  8.612E-03
                6.215E-02  9.361E-03  1.423E-02  2.050E-03  2.901E-01  2.231E-02
                2.208E-02  1.858E-02  7.631E-03  2.928E-01  1.139E-02  7.069E-02
                2.587E-02  9.349E-03  2.046E-01  4.379E-02  6.152E-03  2.484E-01
                6.771E-01  7.631E-02  5.791E-02  2.288E-02  1.857E-02  1.185E-01
                4.326E-02  1.426E-02  4.380E-02  3.733E-01  1.025E-02  6.457E-02
                3.020E-01  1.311E+00  9.040E-02  3.805E-02  2.237E+00  4.650E-03
                1.859E-03  5.588E-03  9.297E-03  8.434E-02  8.657E-03  1.522E-02
                2.020E-02  1.300E-01  7.249E-02  1.744E-02  7.433E-03  2.230E-02
                3.713E-02  1.957E-02  3.530E-02  6.403E-02  8.188E-02  1.044E+00
                2.775E-01  3.924E+00  1.149E+01  1.822E+01  4.578E-02  6.995E-01
                1.155E+00  1.621E+00  1.009E-01  5.507E-02  1.070E-01  6.853E-01
                5.862E-03  4.731E+00  4.313E-02  9.729E-02  3.292E-02  3.172E-02
                1.673E+00  1.897E-02  3.672E+00  1.043E+01  2.556E-01  1.512E-01
                9.580E-02  2.931E-02  4.445E-01  3.837E+00  1.904E+01  1.866E-01
                1.593E-01  1.949E-02  3.982E-02  4.547E-02  1.106E+00  1.062E+01
                8.540E-01  2.795E-01  2.242E-01  5.834E-02  1.143E+00  3.672E-01
                1.685E-01  5.183E-01  1.348E-01  1.322E+01
1.67701512E+00  2.779E-03  1.537E-03  4.612E-03  7.677E-03  8.429E-03  3.790E-02
                8.859E-04  4.760E-04  1.430E-03  2.386E-03  1.720E-03  1.582E-04
                2.650E-04  3.690E-04  4.651E-04  7.150E-03  6.666E-01  1.965E+00
                3.160E+00  1.740E-02  1.906E-02  2.132E-01  3.741E-02  1.119E-01
                1.855E-01  1.792E-03  1.078E-01  1.784E-01  2.505E-01  1.738E-02
                5.502E-03  4.796E-02  8.572E-02  2.002E-03  1.336E-02  8.055E-03
                7.131E-02  4.262E-03  1.279E-02  6.909E-04  4.413E-01  7.939E-03
                1.677E-02  6.229E-03  2.964E-03  2.523E-01  6.220E-03  4.035E-02
                2.425E-02  4.256E-03  2.272E-01  3.418E-02  2.075E-03  3.424E-01
                1.006E+00  4.507E-02  2.321E-02  8.892E-03  1.001E-02  6.796E-02
                4.071E-02  1.293E-02  3.438E-02  3.976E-01  3.454E-03  5.613E-02
                3.779E-01  1.894E+00  3.183E-02  1.479E-02  1.956E+00  2.080E-03
                6.129E-04  1.860E-03  3.066E-03  9.935E-02  3.284E-03  6.789E-03
                7.663E-03  1.977E-01  1.412E-01  5.664E-03  2.800E-03  8.408E-03
                1.399E-02  2.717E-02  1.151E-02  2.766E-02  2.660E-02  1.582E+00
                3.269E-01  2.579E+00  7.589E+00  1.216E+01  2.170E-02  5.953E-01
                9.824E-01  1.379E+00  2.323E-02  1.417E-02  3.977E-02  5.999E-01
                1.427E-03  3.338E+00  9.373E-03  9.377E-02  6.324E-03  1.007E-02
                1.398E+00  5.221E-03  2.541E+00  7.441E+00  2.008E-01  5.550E-02
                3.103E-02  7.138E-03  3.449E-01  2.694E+00  1.362E+01  4.923E-02
                5.210E-02  3.352E-03  1.205E-02  7.822E-03  9.498E-01  7.178E+00
                6.310E-01  1.521E-01  5.419E-02  1.154E-02  7.851E-01  9.082E-02
                7.154E-02  1.352E-01  2.614E-02  9.828E+00
1.93045908E+00  2.275E-03  1.203E-03  3.613E-03  6.011E-03  8.960E-03  4.583E-02
                6.797E-04  3.679E-04  1.105E-03  1.844E-03  1.835E-03  1.095E-04
                1.848E-04  2.556E-04  5.109E-04  8.854E-03  6.042E-01  1.783E+00
                2.875E+00  1.402E-02  1.163E-02  2.247E-01  4.907E-02  1.460E-01
                2.390E-01  9.895E-04  1.213E-01  1.996E-01  2.779E-01  9.605E-03
                2.727E-03  3.453E-02  8.414E-02  1.220E-03  8.893E-03  9.185E-03
                7.546E-02  2.629E-03  1.270E-02  3.456E-04  5.334E-01  3.950E-03
                1.615E-02  2.931E-03  1.545E-03  2.320E-01  3.853E-03  2.694E-02
                2.782E-02  2.625E-03  2.385E-01  3.204E-02  1.040E-03  4.075E-01
                1.204E+00  3.809E-02  1.453E-02  4.638E-03  6.097E-03  4.555E-02
                4.720E-02  1.313E-02  3.267E-02  4.122E-01  1.728E-03  5.822E-02
                4.388E-01  2.239E+00  1.665E-02  7.707E-03  1.784E+00  1.221E-03
                2.930E-04  9.072E-04  1.467E-03  1.055E-01  1.667E-03  4.298E-03
                3.890E-03  2.249E-01  1.865E-01  2.770E-03  1.466E-03  4.410E-03
                7.328E-03  3.469E-02  5.359E-03  1.913E-02  1.230E-02  1.883E+00
                3.470E-01  2.006E+00  5.910E+00  9.504E+00  1.768E-02  5.332E-01
                8.789E-01  1.233E+00  1.237E-02  6.643E-03  2.613E-02  5.364E-01
                6.360E-04  2.681E+00  4.355E-03  9.352E-02  2.552E-03  6.881E-03
                1.239E+00  2.645E-03  2.032E+00  6.002E+00  1.932E-01  3.717E-02
                2.139E-02  3.180E-03  3.076E-01  2.187E+00  1.097E+01  2.735E-02
                3.604E-02  1.278E-03  7.926E-03  2.981E-03  8.496E-01  5.639E+00
                5.581E-01  1.392E-01  3.054E-02  4.749E-03  6.967E-01  5.255E-02
                5.045E-02  8.079E-02  1.047E-02  7.973E+00
2.18390303E+00  1.979E-03  9.642E-04  2.898E-03  4.817E-03  9.571E-03  5.302E-02
                5.654E-04  2.922E-04  8.785E-04  1.465E-03  1.961E-03  7.906E-05
                1.348E-04  1.845E-04  5.780E-04  1.040E-02  5.585E-01  1.650E+00
                2.665E+00  1.192E-02  7.796E-03  2.311E-01  5.591E-02  1.651E-01
                2.657E-01  6.236E-04  1.264E-01  2.068E-01  2.854E-01  6.352E-03
                1.610E-03  2.660E-02  8.325E-02  8.155E-04  6.614E-03  9.778E-03
                7.778E-02  1.841E-03  1.228E-02  2.070E-04  5.794E-01  2.366E-03
                1.608E-02  1.673E-03  9.365E-04  2.202E-01  2.626E-03  2.009E-02
                2.984E-02  1.838E-03  2.447E-01  3.018E-02  6.243E-04  4.421E-01
                1.297E+00  3.566E-02  1.132E-02  2.816E-03  4.077E-03  3.407E-02
                5.133E-02  1.299E-02  3.124E-02  4.202E-01  1.035E-03  6.022E-02
                4.716E-01  2.388E+00  1.098E-02  4.673E-03  1.656E+00  8.122E-04
                1.696E-04  5.397E-04  8.490E-04  1.088E-01  9.982E-04  3.241E-03
                2.329E-03  2.323E-01  2.080E-01  1.636E-03  8.983E-04  2.706E-03
                4.489E-03  3.847E-02  3.055E-03  1.602E-02  6.952E-03  2.010E+00
                3.556E-01  1.623E+00  4.786E+00  7.711E+00  1.507E-02  4.794E-01
                7.896E-01  1.107E+00  8.710E-03  3.919E-03  1.957E-02  4.810E-01
                3.573E-04  2.222E+00  2.606E-03  9.028E-02  1.360E-03  5.467E-03
                1.106E+00  1.669E-03  1.681E+00  4.989E+00  1.844E-01  2.868E-02
                1.707E-02  1.786E-03  2.774E-01  1.833E+00  9.114E+00  1.912E-02
                2.877E-02  6.615E-04  6.307E-03  1.543E-03  7.624E-01  4.583E+00
                5.068E-01  1.326E-01  2.211E-02  2.590E-03  6.380E-01  3.869E-02
                3.985E-02  6.017E-02  5.549E-03  6.647E+00
2.43734698E+00  1.677E-03  7.843E-04  2.359E-03  3.919E-03  1.002E-02  5.956E-02
                4.629E-04  2.350E-04  7.069E-04  1.178E-03  2.018E-03  5.971E-05
                1.032E-04  1.393E-04  6.455E-04  1.185E-02  5.220E-01  1.543E+00
                2.497E+00  1.042E-02  5.590E-03  2.350E-01  5.880E-02  1.723E-01
                2.728E-01  4.269E-04  1.270E-01  2.067E-01  2.835E-01  4.684E-03
                1.060E-03  2.143E-02  8.236E-02  5.821E-04  5.243E-03  9.822E-03
                7.924E-02  1.383E-03  1.164E-02  1.375E-04  5.948E-01  1.583E-03
                1.603E-02  1.074E-03  6.235E-04  2.118E-01  1.915E-03  1.596E-02
                3.018E-02  1.381E-03  2.483E-01  2.819E-02  4.161E-04  4.548E-01
                1.323E+00  3.444E-02  9.709E-03  1.877E-03  2.910E-03  2.712E-02
                5.262E-02  1.255E-02  2.956E-02  4.246E-01  6.875E-04  6.106E-02
                4.830E-01  2.417E+00  8.264E-03  3.111E-03  1.552E+00  5.836E-04
                1.100E-04  3.614E-04  5.508E-04  1.108E-01  6.613E-04  2.674E-03
                1.543E-03  2.310E-01  2.131E-01  1.077E-03  6.049E-04  1.826E-03
                3.023E-03  3.938E-02  1.969E-03  1.433E-02  4.432E-03  2.032E+00
                3.590E-01  1.341E+00  3.952E+00  6.376E+00  1.302E-02  4.320E-01
                7.113E-01  9.972E-01  6.877E-03  2.596E-03  1.553E-02  4.325E-01
                2.259E-04  1.872E+00  1.748E-03  8.543E-02  8.365E-04  4.568E-03
                9.930E-01  1.170E-03  1.414E+00  4.213E+00  1.737E-01  2.334E-02
                1.430E-02  1.127E-03  2.506E-01  1.561E+00  7.697E+00  1.472E-02
                2.410E-02  4.005E-04  5.346E-03  9.321E-04  6.856E-01  3.792E+00
                4.647E-01  1.264E-01  1.766E-02  1.634E-03  5.897E-01  3.123E-02
                3.284E-02  4.867E-02  3.397E-03  5.625E+00
2.69079093E+00  1.486E-03  6.474E-04  1.949E-03  3.235E-03  1.041E-02  6.566E-02
                4.123E-04  1.935E-04  5.825E-04  9.701E-04  2.154E-03  4.593E-05
                8.090E-05  1.072E-04  7.125E-04  1.312E-02  4.914E-01  1.453E+00
                2.354E+00  8.912E-03  4.197E-03  2.376E-01  5.901E-02  1.718E-01
                2.678E-01  3.092E-04  1.252E-01  2.032E-01  2.774E-01  3.709E-03
                7.497E-04  1.742E-02  8.146E-02  4.346E-04  4.223E-03  9.517E-03
                8.021E-02  1.087E-03  1.091E-02  9.794E-05  5.919E-01  1.138E-03
                1.595E-02  7.448E-04  4.427E-04  2.048E-01  1.463E-03  1.288E-02
                2.943E-02  1.085E-03  2.505E-01  2.620E-02  2.974E-04  4.539E-01
                1.309E+00  3.362E-02  8.694E-03  1.335E-03  2.173E-03  2.190E-02
                5.193E-02  1.194E-02  2.773E-02  4.271E-01  4.896E-04  6.097E-02
                4.812E-01  2.377E+00  6.724E-03  2.209E-03  1.464E+00  4.414E-04
                7.684E-05  2.609E-04  3.846E-04  1.121E-01  4.692E-04  2.320E-03
                1.095E-03  2.258E-01  2.085E-01  7.617E-04  4.344E-04  1.314E-03
                2.171E-03  3.856E-02  1.376E-03  1.315E-02  3.060E-03  1.996E+00
                3.599E-01  1.122E+00  3.308E+00  5.344E+00  1.164E-02  3.907E-01
                6.433E-01  9.020E-01  5.737E-03  1.844E-03  1.296E-02  3.908E-01
                1.536E-04  1.594E+00  1.247E-03  7.994E-02  5.612E-04  4.003E-03
                8.965E-01  8.724E-04  1.204E+00  3.597E+00  1.621E-01  1.951E-02
                1.254E-02  7.647E-04  2.266E-01  1.344E+00  6.576E+00  1.190E-02
                2.114E-02  2.654E-04  4.664E-03  6.156E-04  6.189E-01  3.178E+00
                4.291E-01  1.202E-01  1.502E-02  1.124E-03  5.480E-01  2.677E-02
                2.768E-02  4.173E-02  2.269E-03  4.810E+00
2.94423489E+00  1.278E-03  5.408E-04  1.630E-03  2.702E-03  1.060E-02  7.131E-02
                3.464E-04  1.609E-04  4.845E-04  8.063E-04  2.210E-03  3.658E-05
                6.582E-05  8.535E-05  7.705E-04  1.429E-02  4.648E-01  1.376E+00
                2.230E+00  8.005E-03  3.284E-03  2.394E-01  5.757E-02  1.665E-01
                2.562E-01  2.341E-04  1.222E-01  1.979E-01  2.694E-01  3.082E-03
                5.577E-04  1.480E-02  8.059E-02  3.378E-04  3.628E-03  9.030E-03
                8.091E-02  8.826E-04  1.018E-02  7.344E-05  5.786E-01  8.605E-04
                1.580E-02  5.458E-04  3.295E-04  1.996E-01  1.164E-03  1.108E-02
                2.807E-02  8.812E-04  2.519E-01  2.428E-02  2.238E-04  4.449E-01
                1.275E+00  3.292E-02  7.949E-03  9.950E-04  1.689E-03  1.886E-02
                5.007E-02  1.125E-02  2.589E-02  4.286E-01  3.671E-04  6.023E-02
                4.715E-01  2.301E+00  5.736E-03  1.645E-03  1.386E+00  3.474E-04
                5.651E-05  1.982E-04  2.828E-04  1.130E-01  3.495E-04  2.075E-03
                8.152E-04  2.191E-01  1.986E-01  5.682E-04  3.267E-04  9.905E-04
                1.633E-03  3.685E-02  1.018E-03  1.220E-02  2.234E-03  1.931E+00
                3.595E-01  9.500E-01  2.799E+00  4.529E+00  1.018E-02  3.552E-01
                5.850E-01  8.203E-01  4.939E-03  1.357E-03  1.084E-02  3.553E-01
                1.080E-04  1.370E+00  9.197E-04  7.440E-02  3.966E-04  3.451E-03
                8.144E-01  6.721E-04  1.034E+00  3.098E+00  1.508E-01  1.658E-02
                1.083E-02  5.363E-04  2.053E-01  1.167E+00  5.671E+00  9.889E-03
                1.824E-02  1.857E-04  4.140E-03  4.287E-04  5.615E-01  2.691E+00
                3.974E-01  1.140E-01  1.285E-02  8.153E-04  5.107E-01  2.300E-02
                2.365E-02  3.570E-02  1.597E-03  4.149E+00
3.19767884E+00  1.174E-03  4.644E-04  1.401E-03  2.320E-03  1.118E-02  7.641E-02
                3.129E-04  1.367E-04  4.120E-04  6.850E-04  2.282E-03  2.948E-05
                5.445E-05  6.878E-05  8.273E-04  1.548E-02  4.414E-01  1.306E+00
                2.119E+00  7.114E-03  2.635E-03  2.408E-01  5.516E-02  1.586E-01
                2.412E-01  1.825E-04  1.188E-01  1.920E-01  2.609E-01  2.648E-03
                4.316E-04  1.263E-02  7.944E-02  2.691E-04  3.085E-03  8.465E-03
                8.142E-02  7.340E-04  9.487E-03  5.684E-05  5.596E-01  6.744E-04
                1.560E-02  4.166E-04  2.541E-04  1.944E-01  9.503E-04  9.434E-03
                2.643E-02  7.328E-04  2.528E-01  2.252E-02  1.739E-04  4.313E-01
                1.228E+00  3.225E-02  7.352E-03  7.686E-04  1.345E-03  1.607E-02
                4.758E-02  1.056E-02  2.412E-02  4.294E-01  2.841E-04  5.907E-02
                4.574E-01  2.208E+00  5.044E-03  1.268E-03  1.316E+00  2.796E-04
                4.326E-05  1.565E-04  2.163E-04  1.137E-01  2.700E-04  1.893E-03
                6.296E-04  2.118E-01  1.863E-01  4.380E-04  2.543E-04  7.727E-04
                1.271E-03  3.472E-02  7.855E-04  1.138E-02  1.701E-03  1.851E+00
                3.586E-01  8.122E-01  2.392E+00  3.877E+00  8.950E-03  3.248E-01
                5.352E-01  7.505E-01  4.342E-03  1.028E-03  9.201E-03  3.253E-01
                7.799E-05  1.186E+00  6.938E-04  6.912E-02  2.906E-04  3.016E-03
                7.453E-01  5.316E-04  8.950E-01  2.689E+00  1.400E-01  1.426E-02
                9.479E-03  3.866E-04  1.866E-01  1.021E+00  4.929E+00  8.378E-03
                1.595E-02  1.347E-04  3.721E-03  3.096E-04  5.126E-01  2.302E+00
                3.697E-01  1.080E-01  1.121E-02  6.133E-04  4.776E-01  2.014E-02
                2.043E-02  3.111E-02  1.167E-03  3.605E+00
3.45112279E+00  1.020E-03  3.903E-04  1.180E-03  1.950E-03  1.107E-02  8.110E-02
                2.749E-04  1.155E-04  3.485E-04  5.787E-04  2.355E-03  2.418E-05
                4.600E-05  5.642E-05  8.743E-04  1.636E-02  4.203E-01  1.244E+00
                2.020E+00  6.337E-03  2.171E-03  2.418E-01  5.225E-02  1.495E-01
                2.248E-01  1.466E-04  1.150E-01  1.858E-01  2.522E-01  2.333E-03
                3.440E-04  1.093E-02  7.853E-02  2.199E-04  2.707E-03  7.888E-03
                8.183E-02  6.221E-04  8.842E-03  4.555E-05  5.378E-01  5.441E-04
                1.537E-02  3.280E-04  2.017E-04  1.902E-01  7.959E-04  8.289E-03
                2.472E-02  6.211E-04  2.534E-01  2.090E-02  1.399E-04  4.155E-01
                1.177E+00  3.160E-02  6.846E-03  6.110E-04  1.099E-03  1.412E-02
                4.485E-02  9.882E-03  2.246E-02  4.298E-01  2.276E-04  5.766E-02
                4.410E-01  2.108E+00  4.525E-03  1.007E-03  1.253E+00  2.325E-04
                3.410E-05  1.269E-04  1.704E-04  1.142E-01  2.147E-04  1.750E-03
                5.004E-04  2.045E-01  1.731E-01  3.498E-04  2.037E-04  6.202E-04
                1.018E-03  3.249E-02  6.259E-04  1.065E-02  1.336E-03  1.766E+00
                3.574E-01  7.007E-01  2.063E+00  3.347E+00  8.203E-03  2.991E-01
                4.930E-01  6.911E-01  3.879E-03  7.987E-04  8.127E-03  2.999E-01
                5.767E-05  1.034E+00  5.318E-04  6.424E-02  2.188E-04  2.738E-03
                6.871E-01  4.300E-04  7.799E-01  2.349E+00  1.301E-01  1.237E-02
                8.612E-03  2.856E-04  1.702E-01  8.988E-01  4.313E+00  7.198E-03
                1.449E-02  1.002E-04  3.381E-03  2.293E-04  4.711E-01  1.986E+00
                3.458E-01  1.023E-01  1.011E-02  4.743E-04  4.485E-01  1.822E-02
                1.780E-02  2.807E-02  8.778E-04  3.153E+00
3.70456675E+00  9.340E-04  3.506E-04  1.061E-03  1.752E-03  1.176E-02  8.576E-02
                2.434E-04  1.020E-04  3.081E-04  5.111E-04  2.399E-03  2.039E-05
                4.002E-05  4.757E-05  9.173E-04  1.753E-02  4.011E-01  1.188E+00
                1.929E+00  5.789E-03  1.817E-03  2.425E-01  4.909E-02  1.398E-01
                2.081E-01  1.195E-04  1.113E-01  1.796E-01  2.437E-01  2.092E-03
                2.796E-04  9.640E-03  7.724E-02  1.825E-04  2.386E-03  7.327E-03
                8.213E-02  5.350E-04  8.254E-03  3.703E-05  5.149E-01  4.478E-04
                1.510E-02  2.649E-04  1.636E-04  1.857E-01  6.775E-04  7.315E-03
                2.303E-02  5.341E-04  2.538E-01  1.944E-02  1.143E-04  3.986E-01
                1.124E+00  3.093E-02  6.405E-03  4.964E-04  9.122E-04  1.246E-02
                4.205E-02  9.241E-03  2.092E-02  4.300E-01  1.850E-04  5.609E-02
                4.236E-01  2.007E+00  4.116E-03  8.166E-04  1.196E+00  1.940E-04
                2.741E-05  1.048E-04  1.368E-04  1.145E-01  1.744E-04  1.634E-03
                4.063E-04  1.973E-01  1.598E-01  2.833E-04  1.665E-04  5.080E-04
                8.316E-04  3.029E-02  5.119E-04  9.994E-03  1.077E-03  1.680E+00
                3.561E-01  6.095E-01  1.794E+00  2.914E+00  7.116E-03  2.771E-01
                4.569E-01  6.402E-01  3.509E-03  6.270E-04  6.928E-03  2.783E-01
                4.275E-05  9.065E-01  4.119E-04  5.980E-02  1.674E-04  2.370E-03
                6.374E-01  3.520E-04  6.839E-01  2.065E+00  1.211E-01  1.082E-02
                7.470E-03  2.117E-04  1.559E-01  7.963E-01  3.798E+00  6.250E-03
                1.255E-02  7.584E-05  3.100E-03  1.730E-04  4.357E-01  1.728E+00
                3.239E-01  9.693E-02  8.865E-03  3.732E-04  4.220E-01  1.599E-02
                1.562E-02  2.444E-02  6.716E-04  2.775E+00
3.95801070E+00  8.646E-04  2.951E-04  8.952E-04  1.474E-03  1.162E-02  8.943E-02
                2.300E-04  8.692E-05  2.630E-04  4.357E-04  2.505E-03  1.705E-05
                3.475E-05  3.977E-05  9.559E-04  1.816E-02  3.836E-01  1.136E+00
                1.846E+00  5.207E-03  1.552E-03  2.432E-01  4.591E-02  1.301E-01
                1.921E-01  9.962E-05  1.076E-01  1.735E-01  2.356E-01  1.904E-03
                2.328E-04  8.503E-03  7.631E-02  1.545E-04  2.142E-03  6.817E-03
                8.239E-02  4.661E-04  7.725E-03  3.096E-05  4.918E-01  3.756E-04
                1.482E-02  2.180E-04  1.354E-04  1.822E-01  5.880E-04  6.574E-03
                2.147E-02  4.654E-04  2.541E-01  1.814E-02  9.596E-05  3.814E-01
                1.072E+00  3.026E-02  6.012E-03  4.113E-04  7.725E-04  1.119E-02
                3.939E-02  8.646E-03  1.951E-02  4.301E-01  1.547E-04  5.446E-02
                4.059E-01  1.908E+00  3.780E-03  6.758E-04  1.143E+00  1.672E-04
                2.258E-05  8.843E-05  1.126E-04  1.148E-01  1.445E-04  1.537E-03
                3.364E-04  1.904E-01  1.471E-01  2.362E-04  1.388E-04  4.245E-04
                6.934E-04  2.826E-02  4.267E-04  9.397E-03  8.847E-04  1.597E+00
                3.548E-01  5.342E-01  1.572E+00  2.556E+00  6.699E-03  2.583E-01
                4.261E-01  5.968E-01  3.210E-03  5.054E-04  6.330E-03  2.600E-01
                3.264E-05  7.995E-01  3.230E-04  5.578E-02  1.305E-04  2.216E-03
                5.955E-01  2.943E-04  6.032E-01  1.826E+00  1.130E-01  9.528E-03
                6.987E-03  1.618E-04  1.433E-01  7.095E-01  3.363E+00  5.480E-03
                1.174E-02  5.838E-05  2.867E-03  1.329E-04  4.056E-01  1.514E+00
                3.056E-01  9.197E-02  8.225E-03  2.995E-04  3.990E-01  1.487E-02
                1.380E-02  2.272E-02  5.249E-04  2.455E+00
4.21145465E+00  7.441E-04  2.703E-04  8.213E-04  1.351E-03  1.203E-02  9.341E-02
                1.934E-04  7.780E-05  2.358E-04  3.900E-04  2.461E-03  1.472E-05
                3.112E-05  3.435E-05  9.866E-04  1.922E-02  3.674E-01  1.088E+00
                1.768E+00  4.734E-03  1.333E-03  2.436E-01  4.276E-02  1.207E-01
                1.767E-01  8.369E-05  1.040E-01  1.677E-01  2.278E-01  1.750E-03
                1.947E-04  7.571E-03  7.497E-02  1.315E-04  1.891E-03  6.343E-03
                8.257E-02  4.099E-04  7.252E-03  2.594E-05  4.693E-01  3.190E-04
                1.452E-02  1.827E-04  1.135E-04  1.780E-01  5.136E-04  5.812E-03
                2.000E-02  4.092E-04  2.542E-01  1.697E-02  8.076E-05  3.645E-01
                1.021E+00  2.959E-02  5.659E-03  3.454E-04  6.573E-04  9.895E-03
                3.684E-02  8.098E-03  1.824E-02  4.299E-01  1.296E-04  5.280E-02
                3.886E-01  1.813E+00  3.499E-03  5.665E-04  1.094E+00  1.426E-04
                1.867E-05  7.490E-05  9.296E-05  1.150E-01  1.213E-04  1.453E-03
                2.821E-04  1.838E-01  1.351E-01  1.972E-04  1.171E-04  3.586E-04
                5.844E-04  2.637E-02  3.622E-04  8.852E-03  7.400E-04  1.516E+00
                3.534E-01  4.716E-01  1.387E+00  2.258E+00  5.836E-03  2.421E-01
                3.995E-01  5.592E-01  2.963E-03  4.094E-04  5.459E-03  2.443E-01
                2.477E-05  7.090E-01  2.550E-04  5.218E-02  1.026E-04  1.931E-03
                5.590E-01  2.479E-04  5.348E-01  1.623E+00  1.057E-01  8.441E-03
                6.104E-03  1.229E-04  1.322E-01  6.355E-01  2.994E+00  4.840E-03
                1.023E-02  4.551E-05  2.669E-03  1.035E-04  3.797E-01  1.337E+00
                2.884E-01  8.739E-02  7.296E-03  2.429E-04  3.777E-01  1.319E-02
                1.226E-02  1.997E-02  4.141E-04  2.184E+00
