           8           2
          17          12         136
   0           1   0           3   0          -1   0          -3   0          -5   0           1   0          -3   0           3   0          -1   0          -3   0          -5   0           1   0           3   0           5   0           7   0           5   0          -3
    0.000000E+00    1.145905E+00    1.161331E+00    1.161421E+00    1.161606E+00
    1.163117E+00    1.173541E+00    1.352519E+00    1.356653E+00    1.356678E+00
    1.356729E+00    1.356986E+00    1.358976E+00    1.358985E+00    1.359001E+00
    1.359135E+00    1.359996E+00
1.51861265E+00  3.132E-03  1.782E-03  5.348E-03  8.904E-03  7.974E-03  3.238E-02
                1.093E-03  5.579E-04  1.676E-03  2.796E-03  1.632E-03  2.064E-04
                3.449E-04  4.816E-04  4.748E-04  5.949E-03  7.213E-01  2.125E+00
                3.413E+00  2.098E-02  2.765E-02  2.002E-01  2.823E-02  8.456E-02
                1.405E-01  2.926E-03  9.306E-02  1.542E-01  2.171E-01  2.923E-02
                9.890E-03  6.192E-02  8.779E-02  2.905E-03  1.869E-02  7.727E-03
                6.667E-02  6.560E-03  1.312E-02  1.265E-03  3.552E-01  1.441E-02
                1.874E-02  1.174E-02  5.092E-03  2.744E-01  8.944E-03  5.633E-02
                2.323E-02  6.550E-03  2.152E-01  3.779E-02  3.797E-03  2.865E-01
                8.178E-01  5.831E-02  3.847E-02  1.527E-02  1.452E-02  9.460E-02
                3.887E-02  1.318E-02  3.785E-02  3.835E-01  6.324E-03  5.822E-02
                3.294E-01  1.559E+00  5.776E-02  2.540E-02  2.109E+00  3.265E-03
                1.153E-03  3.474E-03  5.767E-03  9.203E-02  5.768E-03  1.066E-02
                1.346E-02  1.622E-01  1.004E-01  1.059E-02  4.853E-03  1.456E-02
                2.425E-02  2.152E-02  2.202E-02  4.337E-02  5.102E-02  1.278E+00
                3.023E-01  3.196E+00  9.377E+00  1.494E+01  2.920E-02  6.461E-01
                1.067E+00  1.498E+00  4.884E-02  2.942E-02  6.354E-02  6.475E-01
                3.064E-03  3.989E+00  2.058E-02  9.307E-02  1.517E-02  1.712E-02
                1.535E+00  1.034E-02  3.060E+00  8.850E+00  2.152E-01  8.912E-02
                5.216E-02  1.532E-02  3.842E-01  3.211E+00  1.619E+01  9.594E-02
                8.712E-02  8.559E-03  2.120E-02  1.997E-02  1.029E+00  8.753E+00
                7.217E-01  1.880E-01  1.099E-01  2.736E-02  9.152E-01  1.811E-01
                1.071E-01  2.609E-01  6.283E-02  1.155E+01
1.77205661E+00  2.609E-03  1.398E-03  4.198E-03  6.985E-03  8.745E-03  4.081E-02
                7.992E-04  4.304E-04  1.293E-03  2.157E-03  1.763E-03  1.365E-04
                2.292E-04  3.185E-04  4.776E-04  7.810E-03  6.404E-01  1.889E+00
                3.040E+00  1.611E-02  1.565E-02  2.185E-01  4.233E-02  1.265E-01
                2.088E-01  1.406E-03  1.142E-01  1.885E-01  2.640E-01  1.353E-02
                4.118E-03  4.229E-02  8.497E-02  1.643E-03  1.135E-02  8.507E-03
                7.321E-02  3.483E-03  1.278E-02  5.175E-04  4.821E-01  5.934E-03
                1.638E-02  4.555E-03  2.267E-03  2.435E-01  5.134E-03  3.433E-02
                2.566E-02  3.478E-03  2.324E-01  3.323E-02  1.555E-03  3.706E-01
                1.095E+00  4.141E-02  1.874E-02  6.804E-03  8.213E-03  5.792E-02
                4.321E-02  1.302E-02  3.357E-02  4.042E-01  2.587E-03  5.669E-02
                4.040E-01  2.050E+00  2.407E-02  1.131E-02  1.884E+00  1.672E-03
                4.512E-04  1.378E-03  2.258E-03  1.022E-01  2.482E-03  5.554E-03
                5.791E-03  2.113E-01  1.613E-01  4.201E-03  2.143E-03  6.439E-03
                1.071E-02  3.042E-02  8.373E-03  2.323E-02  1.930E-02  1.720E+00
                3.365E-01  2.330E+00  6.860E+00  1.101E+01  1.981E-02  5.707E-01
                9.412E-01  1.321E+00  1.739E-02  1.024E-02  3.307E-02  5.749E-01
                1.012E-03  3.057E+00  6.714E-03  9.409E-02  4.287E-03  8.438E-03
                1.334E+00  3.887E-03  2.322E+00  6.829E+00  1.977E-01  4.639E-02
                2.611E-02  5.060E-03  3.293E-01  2.477E+00  1.249E+01  3.780E-02
                4.391E-02  2.214E-03  9.891E-03  5.166E-03  9.102E-01  6.517E+00
                5.990E-01  1.452E-01  4.159E-02  7.878E-03  7.450E-01  7.047E-02
                6.131E-02  1.065E-01  1.767E-02  9.045E+00
2.02550056E+00  2.160E-03  1.111E-03  3.338E-03  5.552E-03  9.288E-03  4.858E-02
                6.297E-04  3.381E-04  1.016E-03  1.695E-03  1.879E-03  9.678E-05
                1.639E-04  2.258E-04  5.355E-04  9.486E-03  5.857E-01  1.729E+00
                2.790E+00  1.325E-02  9.919E-03  2.275E-01  5.218E-02  1.549E-01
                2.518E-01  8.229E-04  1.240E-01  2.035E-01  2.823E-01  8.092E-03
                2.205E-03  3.125E-02  8.373E-02  1.040E-03  7.893E-03  9.485E-03
                7.648E-02  2.276E-03  1.259E-02  2.806E-04  5.552E-01  3.205E-03
                1.611E-02  2.334E-03  1.263E-03  2.270E-01  3.307E-03  2.394E-02
                2.880E-02  2.273E-03  2.413E-01  3.137E-02  8.450E-04  4.237E-01
                1.249E+00  3.693E-02  1.301E-02  3.794E-03  5.197E-03  4.053E-02
                4.912E-02  1.313E-02  3.218E-02  4.158E-01  1.403E-03  5.910E-02
                4.541E-01  2.313E+00  1.395E-02  6.302E-03  1.733E+00  1.037E-03
                2.349E-04  7.343E-04  1.176E-03  1.070E-01  1.355E-03  3.811E-03
                3.162E-03  2.292E-01  1.970E-01  2.236E-03  1.204E-03  3.623E-03
                6.017E-03  3.653E-02  4.263E-03  1.767E-02  9.754E-03  1.947E+00
                3.511E-01  1.847E+00  5.444E+00  8.762E+00  1.667E-02  5.123E-01
                8.441E-01  1.184E+00  1.063E-02  5.353E-03  2.327E-02  5.148E-01
                5.030E-04  2.492E+00  3.526E-03  9.257E-02  1.970E-03  6.283E-03
                1.187E+00  2.188E-03  1.887E+00  5.587E+00  1.902E-01  3.341E-02
                1.957E-02  2.515E-03  2.958E-01  2.042E+00  1.021E+01  2.352E-02
                3.298E-02  9.738E-04  7.190E-03  2.272E-03  8.157E-01  5.203E+00
                5.376E-01  1.365E-01  2.668E-02  3.699E-03  6.731E-01  4.624E-02
                4.584E-02  7.155E-02  8.070E-03  7.430E+00
2.27894451E+00  1.848E-03  8.849E-04  2.660E-03  4.421E-03  9.678E-03  5.548E-02
                5.289E-04  2.676E-04  8.047E-04  1.342E-03  2.002E-03  7.073E-05
                1.212E-04  1.650E-04  6.035E-04  1.092E-02  5.440E-01  1.607E+00
                2.599E+00  1.115E-02  6.827E-03  2.327E-01  5.739E-02  1.690E-01
                2.702E-01  5.366E-04  1.270E-01  2.074E-01  2.854E-01  5.609E-03
                1.363E-03  2.424E-02  8.289E-02  7.131E-04  5.958E-03  9.848E-03
                7.840E-02  1.643E-03  1.206E-02  1.758E-04  5.880E-01  2.014E-03
                1.607E-02  1.401E-03  7.967E-04  2.165E-01  2.315E-03  1.811E-02
                3.013E-02  1.640E-03  2.462E-01  2.944E-02  5.308E-04  4.490E-01
                1.313E+00  3.513E-02  1.061E-02  2.397E-03  3.565E-03  3.073E-02
                5.210E-02  1.286E-02  3.064E-02  4.221E-01  8.788E-04  6.067E-02
                4.779E-01  2.410E+00  9.753E-03  3.976E-03  1.615E+00  7.129E-04
                1.427E-04  4.592E-04  7.141E-04  1.097E-01  8.473E-04  2.992E-03
                1.977E-03  2.325E-01  2.114E-01  1.384E-03  7.678E-04  2.315E-03
                3.837E-03  3.907E-02  2.561E-03  1.529E-02  5.805E-03  2.027E+00
                3.573E-01  1.508E+00  4.446E+00  7.167E+00  1.449E-02  4.609E-01
                7.590E-01  1.064E+00  7.901E-03  3.333E-03  1.805E-02  4.620E-01
                2.987E-04  2.080E+00  2.224E-03  8.859E-02  1.120E-03  5.171E-03
                1.062E+00  1.451E-03  1.573E+00  4.676E+00  1.805E-01  2.644E-02
                1.615E-02  1.492E-03  2.670E-01  1.723E+00  8.540E+00  1.721E-02
                2.725E-02  5.407E-04  5.900E-03  1.260E-03  7.325E-01  4.262E+00
                4.907E-01  1.303E-01  2.038E-02  2.154E-03  6.194E-01  3.585E-02
                3.694E-02  5.591E-02  4.563E-03  6.234E+00
2.53238846E+00  1.594E-03  7.322E-04  2.203E-03  3.658E-03  1.013E-02  6.211E-02
                4.414E-04  2.197E-04  6.610E-04  1.101E-03  2.090E-03  5.417E-05
                9.426E-05  1.264E-04  6.705E-04  1.235E-02  5.099E-01  1.508E+00
                2.441E+00  9.811E-03  4.997E-03  2.361E-01  5.913E-02  1.728E-01
                2.720E-01  3.761E-04  1.265E-01  2.057E-01  2.815E-01  4.263E-03
                9.233E-04  1.977E-02  8.210E-02  5.194E-04  4.837E-03  9.737E-03
                7.965E-02  1.258E-03  1.137E-02  1.204E-04  5.954E-01  1.389E-03
                1.601E-02  9.291E-04  5.448E-04  2.092E-01  1.723E-03  1.473E-02
                3.000E-02  1.256E-03  2.492E-01  2.743E-02  3.647E-04  4.557E-01
                1.321E+00  3.411E-02  9.283E-03  1.641E-03  2.596E-03  2.504E-02
                5.254E-02  1.233E-02  2.888E-02  4.257E-01  6.018E-04  6.113E-02
                4.836E-01  2.407E+00  7.595E-03  2.719E-03  1.517E+00  5.229E-04
                9.537E-05  3.172E-04  4.774E-04  1.114E-01  5.775E-04  2.524E-03
                1.347E-03  2.293E-01  2.122E-01  9.400E-04  5.309E-04  1.604E-03
                2.653E-03  3.922E-02  1.707E-03  1.385E-02  3.827E-03  2.023E+00
                3.595E-01  1.252E+00  3.692E+00  5.959E+00  1.248E-02  4.158E-01
                6.846E-01  9.598E-01  6.394E-03  2.270E-03  1.446E-02  4.161E-01
                1.943E-04  1.760E+00  1.532E-03  8.341E-02  7.145E-04  4.331E-03
                9.549E-01  1.043E-03  1.330E+00  3.966E+00  1.694E-01  2.177E-02
                1.356E-02  9.685E-04  2.413E-01  1.474E+00  7.247E+00  1.353E-02
                2.286E-02  3.404E-04  5.067E-03  7.912E-04  6.594E-01  3.544E+00
                4.507E-01  1.241E-01  1.653E-02  1.409E-03  5.734E-01  2.933E-02
                3.074E-02  4.572E-02  2.897E-03  5.298E+00
2.78583242E+00  1.422E-03  6.016E-04  1.812E-03  3.005E-03  1.058E-02  6.756E-02
                3.847E-04  1.786E-04  5.377E-04  8.952E-04  2.144E-03  4.186E-05
                7.432E-05  9.767E-05  7.355E-04  1.357E-02  4.810E-01  1.423E+00
                2.306E+00  8.669E-03  3.816E-03  2.383E-01  5.862E-02  1.702E-01
                2.640E-01  2.773E-04  1.242E-01  2.013E-01  2.745E-01  3.443E-03
                6.677E-04  1.647E-02  8.109E-02  3.943E-04  4.005E-03  9.349E-03
                8.050E-02  1.002E-03  1.064E-02  8.741E-05  5.878E-01  1.019E-03
                1.589E-02  6.593E-04  3.944E-04  2.028E-01  1.339E-03  1.222E-02
                2.897E-02  1.000E-03  2.511E-01  2.547E-02  2.658E-04  4.512E-01
                1.298E+00  3.334E-02  8.392E-03  1.190E-03  1.971E-03  2.080E-02
                5.133E-02  1.168E-02  2.704E-02  4.278E-01  4.369E-04  6.075E-02
                4.782E-01  2.351E+00  6.307E-03  1.968E-03  1.433E+00  4.016E-04
                6.816E-05  2.343E-04  3.411E-04  1.125E-01  4.179E-04  2.218E-03
                9.751E-04  2.234E-01  2.052E-01  6.783E-04  3.885E-04  1.176E-03
                1.941E-03  3.799E-02  1.222E-03  1.278E-02  2.704E-03  1.974E+00
                3.598E-01  1.053E+00  3.103E+00  5.017E+00  1.089E-02  3.767E-01
                6.203E-01  8.698E-01  5.407E-03  1.634E-03  1.196E-02  3.768E-01
                1.337E-04  1.504E+00  1.108E-03  7.785E-02  4.897E-04  3.728E-03
                8.639E-01  7.872E-04  1.136E+00  3.398E+00  1.578E-01  1.833E-02
                1.169E-02  6.651E-04  2.183E-01  1.273E+00  6.215E+00  1.107E-02
                1.969E-02  2.309E-04  4.453E-03  5.347E-04  5.963E-01  2.982E+00
                4.164E-01  1.178E-01  1.400E-02  9.908E-04  5.333E-01  2.498E-02
                2.605E-02  3.883E-02  1.977E-03  4.546E+00
3.03927637E+00  1.212E-03  5.121E-04  1.544E-03  2.559E-03  1.072E-02  7.353E-02
                3.331E-04  1.524E-04  4.592E-04  7.639E-04  2.258E-03  3.381E-05
                6.138E-05  7.889E-05  7.921E-04  1.477E-02  4.557E-01  1.349E+00
                2.187E+00  7.507E-03  3.010E-03  2.400E-01  5.675E-02  1.638E-01
                2.508E-01  2.126E-04  1.210E-01  1.957E-01  2.663E-01  2.902E-03
                5.048E-04  1.378E-02  8.020E-02  3.088E-04  3.362E-03  8.823E-03
                8.112E-02  8.216E-04  9.916E-03  6.647E-05  5.720E-01  7.828E-04
                1.573E-02  4.911E-04  2.978E-04  1.975E-01  1.074E-03  1.027E-02
                2.748E-02  8.203E-04  2.523E-01  2.361E-02  2.029E-04  4.402E-01
                1.258E+00  3.267E-02  7.712E-03  8.999E-04  1.544E-03  1.749E-02
                4.918E-02  1.099E-02  2.522E-02  4.289E-01  3.322E-04  5.984E-02
                4.666E-01  2.268E+00  5.451E-03  1.486E-03  1.359E+00  3.196E-04
                5.093E-05  1.808E-04  2.548E-04  1.133E-01  3.161E-04  2.001E-03
                7.373E-04  2.164E-01  1.942E-01  5.136E-04  2.964E-04  8.992E-04
                1.481E-03  3.608E-02  9.194E-04  1.188E-02  2.008E-03  1.902E+00
                3.592E-01  8.948E-01  2.636E+00  4.268E+00  9.886E-03  3.432E-01
                5.654E-01  7.928E-01  4.696E-03  1.223E-03  1.032E-02  3.434E-01
                9.574E-05  1.296E+00  8.263E-04  7.238E-02  3.521E-04  3.341E-03
                7.873E-01  6.151E-04  9.787E-01  2.936E+00  1.466E-01  1.565E-02
                1.049E-02  4.751E-04  1.980E-01  1.109E+00  5.375E+00  9.278E-03
                1.766E-02  1.641E-04  3.972E-03  3.783E-04  5.422E-01  2.535E+00
                3.869E-01  1.117E-01  1.235E-02  7.308E-04  4.981E-01  2.216E-02
                2.236E-02  3.439E-02  1.417E-03  3.932E+00
3.29272032E+00  1.141E-03  4.333E-04  1.308E-03  2.165E-03  1.127E-02  7.801E-02
                2.991E-04  1.273E-04  3.840E-04  6.382E-04  2.306E-03  2.723E-05
                5.086E-05  6.353E-05  8.460E-04  1.579E-02  4.332E-01  1.282E+00
                2.081E+00  6.950E-03  2.448E-03  2.412E-01  5.411E-02  1.553E-01
                2.351E-01  1.676E-04  1.174E-01  1.897E-01  2.576E-01  2.519E-03
                3.949E-04  1.209E-02  7.908E-02  2.494E-04  2.983E-03  8.248E-03
                8.159E-02  6.885E-04  9.238E-03  5.219E-05  5.517E-01  6.202E-04
                1.552E-02  3.797E-04  2.324E-04  1.929E-01  8.885E-04  9.127E-03
                2.579E-02  6.874E-04  2.531E-01  2.189E-02  1.599E-04  4.256E-01
                1.210E+00  3.201E-02  7.154E-03  7.033E-04  1.246E-03  1.555E-02
                4.657E-02  1.030E-02  2.348E-02  4.296E-01  2.608E-04  5.856E-02
                4.514E-01  2.171E+00  4.833E-03  1.160E-03  1.292E+00  2.602E-04
                3.942E-05  1.442E-04  1.971E-04  1.139E-01  2.469E-04  1.835E-03
                5.758E-04  2.091E-01  1.814E-01  4.014E-04  2.334E-04  7.098E-04
                1.166E-03  3.388E-02  7.190E-04  1.110E-02  1.549E-03  1.819E+00
                3.581E-01  7.677E-01  2.261E+00  3.665E+00  8.499E-03  3.147E-01
                5.185E-01  7.270E-01  4.155E-03  9.302E-04  8.648E-03  3.152E-01
                6.919E-05  1.125E+00  6.264E-04  6.724E-02  2.604E-04  2.851E-03
                7.221E-01  4.890E-04  8.493E-01  2.554E+00  1.362E-01  1.350E-02
                8.968E-03  3.428E-04  1.802E-01  9.724E-01  4.684E+00  7.901E-03
                1.508E-02  1.202E-04  3.586E-03  2.758E-04  4.962E-01  2.175E+00
                3.600E-01  1.058E-01  1.063E-02  5.549E-04  4.661E-01  1.911E-02
                1.938E-02  2.943E-02  1.045E-03  3.426E+00
3.54616427E+00  9.573E-04  3.741E-04  1.131E-03  1.869E-03  1.118E-02  8.301E-02
                2.600E-04  1.102E-04  3.328E-04  5.525E-04  2.359E-03  2.266E-05
                4.360E-05  5.286E-05  8.908E-04  1.682E-02  4.129E-01  1.223E+00
                1.985E+00  5.985E-03  2.022E-03  2.421E-01  5.108E-02  1.459E-01
                2.185E-01  1.355E-04  1.136E-01  1.834E-01  2.490E-01  2.236E-03
                3.178E-04  1.028E-02  7.806E-02  2.042E-04  2.530E-03  7.673E-03
                8.194E-02  5.868E-04  8.615E-03  4.201E-05  5.293E-01  5.047E-04
                1.527E-02  3.020E-04  1.859E-04  1.883E-01  7.464E-04  7.752E-03
                2.408E-02  5.859E-04  2.536E-01  2.033E-02  1.293E-04  4.092E-01
                1.157E+00  3.135E-02  6.674E-03  5.636E-04  1.021E-03  1.320E-02
                4.379E-02  9.637E-03  2.187E-02  4.299E-01  2.100E-04  5.709E-02
                4.345E-01  2.070E+00  4.361E-03  9.281E-04  1.231E+00  2.168E-04
                3.136E-05  1.180E-04  1.567E-04  1.143E-01  1.982E-04  1.704E-03
                4.618E-04  2.017E-01  1.681E-01  3.223E-04  1.882E-04  5.736E-04
                9.404E-04  3.165E-02  5.789E-04  1.040E-02  1.229E-03  1.734E+00
                3.569E-01  6.644E-01  1.956E+00  3.175E+00  7.895E-03  2.904E-01
                4.787E-01  6.711E-01  3.731E-03  7.302E-04  7.741E-03  2.914E-01
                5.171E-05  9.832E-01  4.830E-04  6.251E-02  1.977E-04  2.636E-03
                6.676E-01  3.989E-04  7.419E-01  2.237E+00  1.266E-01  1.175E-02
                8.292E-03  2.561E-04  1.646E-01  8.583E-01  4.109E+00  6.820E-03
                1.395E-02  9.012E-05  3.270E-03  2.060E-04  4.571E-01  1.883E+00
                3.375E-01  1.002E-01  9.724E-03  4.330E-04  4.384E-01  1.754E-02
                1.693E-02  2.700E-02  7.931E-04  3.003E+00
3.79960823E+00  9.324E-04  3.308E-04  1.002E-03  1.653E-03  1.192E-02  8.716E-02
                2.396E-04  9.642E-05  2.915E-04  4.833E-04  2.460E-03  1.910E-05
                3.799E-05  4.456E-05  9.323E-04  1.779E-02  3.944E-01  1.168E+00
                1.897E+00  5.691E-03  1.713E-03  2.428E-01  4.790E-02  1.361E-01
                2.021E-01  1.113E-04  1.099E-01  1.773E-01  2.406E-01  2.017E-03
                2.602E-04  9.313E-03  7.687E-02  1.716E-04  2.335E-03  7.131E-03
                8.225E-02  5.075E-04  8.048E-03  3.459E-05  5.062E-01  4.183E-04
                1.500E-02  2.457E-04  1.522E-04  1.844E-01  6.426E-04  7.160E-03
                2.243E-02  5.067E-04  2.540E-01  1.893E-02  1.069E-04  3.922E-01
                1.104E+00  3.068E-02  6.252E-03  4.620E-04  8.577E-04  1.220E-02
                4.104E-02  9.011E-03  2.037E-02  4.301E-01  1.728E-04  5.549E-02
                4.169E-01  1.970E+00  3.982E-03  7.598E-04  1.175E+00  1.831E-04
                2.541E-05  9.810E-05  1.268E-04  1.147E-01  1.622E-04  1.595E-03
                3.777E-04  1.946E-01  1.550E-01  2.642E-04  1.555E-04  4.746E-04
                7.764E-04  2.951E-02  4.771E-04  9.763E-03  9.982E-04  1.649E+00
                3.556E-01  5.796E-01  1.705E+00  2.772E+00  6.839E-03  2.697E-01
                4.448E-01  6.231E-01  3.389E-03  5.753E-04  6.602E-03  2.711E-01
                3.836E-05  8.642E-01  3.753E-04  5.824E-02  1.521E-04  2.268E-03
                6.208E-01  3.280E-04  6.520E-01  1.971E+00  1.180E-01  1.031E-02
                7.154E-03  1.900E-04  1.509E-01  7.621E-01  3.626E+00  5.943E-03
                1.201E-02  6.859E-05  3.008E-03  1.563E-04  4.238E-01  1.643E+00
                3.165E-01  9.501E-02  8.506E-03  3.428E-04  4.128E-01  1.535E-02
                1.490E-02  2.341E-02  6.105E-04  2.649E+00
4.05305218E+00  8.015E-04  2.808E-04  8.523E-04  1.403E-03  1.153E-02  9.082E-02
                2.165E-04  8.230E-05  2.492E-04  4.125E-04  2.468E-03  1.600E-05
                3.311E-05  3.734E-05  9.683E-04  1.850E-02  3.774E-01  1.118E+00
                1.816E+00  4.900E-03  1.461E-03  2.433E-01  4.472E-02  1.266E-01
                1.862E-01  9.324E-05  1.062E-01  1.713E-01  2.326E-01  1.843E-03
                2.177E-04  8.019E-03  7.585E-02  1.450E-04  2.003E-03  6.634E-03
                8.244E-02  4.435E-04  7.542E-03  2.892E-05  4.833E-01  3.528E-04
                1.471E-02  2.036E-04  1.263E-04  1.806E-01  5.572E-04  6.152E-03
                2.090E-02  4.428E-04  2.541E-01  1.769E-02  8.979E-05  3.751E-01
                1.052E+00  3.001E-02  5.875E-03  3.842E-04  7.246E-04  1.047E-02
                3.841E-02  8.436E-03  1.902E-02  4.299E-01  1.445E-04  5.384E-02
                3.994E-01  1.872E+00  3.670E-03  6.308E-04  1.124E+00  1.574E-04
                2.103E-05  8.308E-05  1.048E-04  1.149E-01  1.352E-04  1.504E-03
                3.145E-04  1.879E-01  1.425E-01  2.204E-04  1.298E-04  3.971E-04
                6.481E-04  2.753E-02  4.006E-04  9.187E-03  8.259E-04  1.566E+00
                3.542E-01  5.094E-01  1.498E+00  2.438E+00  6.475E-03  2.520E-01
                4.157E-01  5.820E-01  3.112E-03  4.680E-04  6.073E-03  2.538E-01
                2.959E-05  7.638E-01  2.955E-04  5.438E-02  1.192E-04  2.145E-03
                5.813E-01  2.761E-04  5.762E-01  1.746E+00  1.102E-01  9.098E-03
                6.765E-03  1.467E-04  1.389E-01  6.804E-01  3.218E+00  5.227E-03
                1.136E-02  5.313E-05  2.789E-03  1.209E-04  3.954E-01  1.444E+00
                2.991E-01  9.022E-02  7.964E-03  2.767E-04  3.909E-01  1.441E-02
                1.319E-02  2.199E-02  4.801E-04  2.349E+00
4.30649613E+00  7.461E-04  2.634E-04  8.009E-04  1.316E-03  1.241E-02  9.500E-02
                1.888E-04  7.587E-05  2.300E-04  3.803E-04  2.547E-03  1.409E-05
                3.015E-05  3.288E-05  9.975E-04  1.958E-02  3.616E-01  1.071E+00
                1.741E+00  4.729E-03  1.270E-03  2.438E-01  4.162E-02  1.173E-01
                1.713E-01  7.872E-05  1.026E-01  1.656E-01  2.249E-01  1.700E-03
                1.830E-04  7.414E-03  7.453E-02  1.249E-04  1.878E-03  6.184E-03
                8.269E-02  3.919E-04  7.087E-03  2.448E-05  4.610E-01  3.010E-04
                1.441E-02  1.715E-04  1.069E-04  1.768E-01  4.920E-04  5.771E-03
                1.950E-02  3.913E-04  2.544E-01  1.657E-02  7.635E-05  3.583E-01
                1.002E+00  2.933E-02  5.534E-03  3.256E-04  6.245E-04  9.828E-03
                3.596E-02  7.904E-03  1.779E-02  4.301E-01  1.223E-04  5.217E-02
                3.821E-01  1.779E+00  3.404E-03  5.337E-04  1.077E+00  1.358E-04
                1.748E-05  7.069E-05  8.697E-05  1.150E-01  1.140E-04  1.424E-03
                2.650E-04  1.814E-01  1.308E-01  1.858E-04  1.107E-04  3.394E-04
                5.526E-04  2.573E-02  3.417E-04  8.660E-03  6.942E-04  1.487E+00
                3.532E-01  4.508E-01  1.326E+00  2.159E+00  5.580E-03  2.366E-01
                3.905E-01  5.464E-01  2.881E-03  3.792E-04  5.197E-03  2.389E-01
                2.235E-05  6.786E-01  2.338E-04  5.092E-02  9.403E-05  1.839E-03
                5.467E-01  2.331E-04  5.119E-01  1.554E+00  1.032E-01  8.078E-03
                5.820E-03  1.110E-04  1.284E-01  6.105E-01  2.870E+00  4.629E-03
                9.752E-03  4.156E-05  2.603E-03  9.450E-05  3.709E-01  1.278E+00
                2.824E-01  8.575E-02  6.995E-03  2.253E-04  3.702E-01  1.264E-02
                1.174E-02  1.908E-02  3.803E-04  2.093E+00
