           8           2
          17          12         136
   0           1   0           3   0          -1   0          -3   0          -5   0           1   0          -3   0           3   0          -1   0          -3   0          -5   0           1   0           3   0           5   0           7   0           5   0          -3
    0.000000E+00    1.145905E+00    1.161331E+00    1.161421E+00    1.161606E+00
    1.163117E+00    1.173541E+00    1.352519E+00    1.356653E+00    1.356678E+00
    1.356729E+00    1.356986E+00    1.358976E+00    1.358985E+00    1.359001E+00
    1.359135E+00    1.359996E+00
1.45525167E+00  3.299E-03  1.881E-03  5.644E-03  9.397E-03  7.713E-03  3.007E-02
                1.227E-03  5.904E-04  1.773E-03  2.959E-03  1.596E-03  2.307E-04
                3.854E-04  5.384E-04  5.063E-04  5.412E-03  7.486E-01  2.206E+00
                3.542E+00  2.279E-02  3.251E-02  1.922E-01  2.452E-02  7.344E-02
                1.221E-01  3.725E-03  8.539E-02  1.416E-01  1.992E-01  3.754E-02
                1.304E-02  6.899E-02  8.904E-02  3.416E-03  2.170E-02  8.125E-03
                6.382E-02  8.208E-03  1.370E-02  1.719E-03  3.133E-01  1.915E-02
                2.065E-02  1.585E-02  6.609E-03  2.860E-01  1.049E-02  6.535E-02
                2.441E-02  8.198E-03  2.084E-01  4.116E-02  5.159E-03  2.615E-01
                7.270E-01  6.894E-02  5.010E-02  1.981E-02  1.708E-02  1.096E-01
                4.083E-02  1.374E-02  4.119E-02  3.765E-01  8.595E-03  6.173E-02
                3.107E-01  1.398E+00  7.730E-02  3.296E-02  2.190E+00  4.083E-03
                1.568E-03  4.718E-03  7.845E-03  8.730E-02  7.522E-03  1.342E-02
                1.755E-02  1.419E-01  8.202E-02  1.455E-02  6.372E-03  1.912E-02
                3.183E-02  1.989E-02  2.996E-02  5.567E-02  6.948E-02  1.127E+00
                2.869E-01  3.616E+00  1.059E+01  1.682E+01  3.762E-02  6.770E-01
                1.118E+00  1.569E+00  7.664E-02  4.380E-02  8.634E-02  6.710E-01
                4.626E-03  4.411E+00  3.252E-02  9.455E-02  2.465E-02  2.484E-02
                1.615E+00  1.516E-02  3.407E+00  9.752E+00  2.351E-01  1.224E-01
                7.524E-02  2.313E-02  4.163E-01  3.564E+00  1.782E+01  1.445E-01
                1.253E-01  1.436E-02  3.112E-02  3.351E-02  1.074E+00  9.809E+00
                7.948E-01  2.347E-01  1.707E-01  4.407E-02  1.038E+00  2.799E-01
                1.405E-01  3.976E-01  1.016E-01  1.254E+01
1.70869562E+00  2.725E-03  1.489E-03  4.471E-03  7.442E-03  8.550E-03  3.887E-02
                8.572E-04  4.606E-04  1.383E-03  2.308E-03  1.743E-03  1.505E-04
                2.523E-04  3.511E-04  4.683E-04  7.365E-03  6.574E-01  1.938E+00
                3.118E+00  1.693E-02  1.781E-02  2.152E-01  3.911E-02  1.170E-01
                1.937E-01  1.647E-03  1.101E-01  1.821E-01  2.555E-01  1.592E-02
                4.975E-03  4.592E-02  8.543E-02  1.871E-03  1.261E-02  8.202E-03
                7.200E-02  3.971E-03  1.278E-02  6.244E-04  4.558E-01  7.172E-03
                1.661E-02  5.585E-03  2.700E-03  2.491E-01  5.823E-03  3.811E-02
                2.471E-02  3.965E-03  2.291E-01  3.382E-02  1.876E-03  3.523E-01
                1.038E+00  4.364E-02  2.147E-02  8.102E-03  9.353E-03  6.422E-02
                4.151E-02  1.295E-02  3.406E-02  4.000E-01  3.122E-03  5.625E-02
                3.870E-01  1.950E+00  2.884E-02  1.347E-02  1.931E+00  1.929E-03
                5.507E-04  1.675E-03  2.756E-03  1.004E-01  2.979E-03  6.319E-03
                6.952E-03  2.028E-01  1.483E-01  5.102E-03  2.551E-03  7.663E-03
                1.275E-02  2.830E-02  1.030E-02  2.593E-02  2.378E-02  1.632E+00
                3.304E-01  2.490E+00  7.328E+00  1.175E+01  2.105E-02  5.868E-01
                9.682E-01  1.359E+00  2.089E-02  1.263E-02  3.729E-02  5.913E-01
                1.264E-03  3.238E+00  8.319E-03  9.394E-02  5.510E-03  9.452E-03
                1.376E+00  4.701E-03  2.463E+00  7.224E+00  1.996E-01  5.200E-02
                2.916E-02  6.323E-03  3.394E-01  2.617E+00  1.322E+01  4.473E-02
                4.900E-02  2.893E-03  1.119E-02  6.750E-03  9.362E-01  6.943E+00
                6.195E-01  1.493E-01  4.922E-02  1.008E-02  7.704E-01  8.281E-02
                6.765E-02  1.240E-01  2.276E-02  9.552E+00
1.96213957E+00  2.229E-03  1.171E-03  3.518E-03  5.852E-03  9.055E-03  4.677E-02
                6.621E-04  3.577E-04  1.075E-03  1.793E-03  1.854E-03  1.051E-04
                1.775E-04  2.452E-04  5.188E-04  9.062E-03  5.978E-01  1.765E+00
                2.846E+00  1.372E-02  1.101E-02  2.257E-01  5.019E-02  1.492E-01
                2.437E-01  9.287E-04  1.223E-01  2.011E-01  2.796E-01  9.049E-03
                2.535E-03  3.333E-02  8.399E-02  1.155E-03  8.518E-03  9.295E-03
                7.582E-02  2.502E-03  1.267E-02  3.216E-04  5.413E-01  3.675E-03
                1.613E-02  2.709E-03  1.441E-03  2.302E-01  3.656E-03  2.582E-02
                2.818E-02  2.498E-03  2.395E-01  3.182E-02  9.679E-04  4.133E-01
                1.220E+00  3.766E-02  1.396E-02  4.329E-03  5.772E-03  4.366E-02
                4.789E-02  1.313E-02  3.251E-02  4.135E-01  1.608E-03  5.853E-02
                4.444E-01  2.266E+00  1.565E-02  7.192E-03  1.766E+00  1.155E-03
                2.715E-04  8.431E-04  1.359E-03  1.060E-01  1.552E-03  4.120E-03
                3.622E-03  2.266E-01  1.904E-01  2.573E-03  1.370E-03  4.122E-03
                6.848E-03  3.536E-02  4.952E-03  1.859E-02  1.135E-02  1.907E+00
                3.485E-01  1.950E+00  5.748E+00  9.245E+00  1.739E-02  5.261E-01
                8.671E-01  1.216E+00  1.172E-02  6.166E-03  2.515E-02  5.291E-01
                5.867E-04  2.616E+00  4.047E-03  9.325E-02  2.333E-03  6.683E-03
                1.221E+00  2.477E-03  1.982E+00  5.858E+00  1.923E-01  3.581E-02
                2.079E-02  2.934E-03  3.036E-01  2.136E+00  1.071E+01  2.594E-02
                3.504E-02  1.162E-03  7.656E-03  2.712E-03  8.381E-01  5.487E+00
                5.511E-01  1.382E-01  2.915E-02  4.354E-03  6.886E-01  5.031E-02
                4.880E-02  7.755E-02  9.569E-03  7.785E+00
2.21558352E+00  1.934E-03  9.363E-04  2.814E-03  4.678E-03  9.592E-03  5.387E-02
                5.541E-04  2.838E-04  8.531E-04  1.422E-03  1.981E-03  7.611E-05
                1.300E-04  1.776E-04  5.865E-04  1.056E-02  5.535E-01  1.635E+00
                2.643E+00  1.162E-02  7.451E-03  2.317E-01  5.646E-02  1.666E-01
                2.675E-01  5.924E-04  1.267E-01  2.071E-01  2.855E-01  6.085E-03
                1.521E-03  2.575E-02  8.314E-02  7.790E-04  6.377E-03  9.810E-03
                7.800E-02  1.770E-03  1.221E-02  1.958E-04  5.827E-01  2.239E-03
                1.608E-02  1.575E-03  8.862E-04  2.189E-01  2.515E-03  1.938E-02
                2.996E-02  1.767E-03  2.452E-01  2.993E-02  5.907E-04  4.447E-01
                1.303E+00  3.547E-02  1.106E-02  2.665E-03  3.894E-03  3.286E-02
                5.163E-02  1.295E-02  3.105E-02  4.209E-01  9.786E-04  6.039E-02
                4.740E-01  2.397E+00  1.053E-02  4.422E-03  1.642E+00  7.769E-04
                1.598E-04  5.105E-04  8.000E-04  1.091E-01  9.438E-04  3.152E-03
                2.202E-03  2.325E-01  2.094E-01  1.545E-03  8.513E-04  2.566E-03
                4.255E-03  3.871E-02  2.876E-03  1.576E-02  6.535E-03  2.017E+00
                3.562E-01  1.584E+00  4.669E+00  7.523E+00  1.490E-02  4.732E-01
                7.792E-01  1.093E+00  8.419E-03  3.708E-03  1.905E-02  4.745E-01
                3.361E-04  2.173E+00  2.468E-03  8.974E-02  1.272E-03  5.368E-03
                1.091E+00  1.591E-03  1.644E+00  4.881E+00  1.831E-01  2.789E-02
                1.676E-02  1.680E-03  2.739E-01  1.795E+00  8.916E+00  1.844E-02
                2.827E-02  6.172E-04  6.163E-03  1.439E-03  7.523E-01  4.472E+00
                5.014E-01  1.318E-01  2.150E-02  2.431E-03  6.317E-01  3.770E-02
                3.883E-02  5.870E-02  5.188E-03  6.505E+00
2.46902748E+00  1.648E-03  7.667E-04  2.306E-03  3.831E-03  1.007E-02  6.042E-02
                4.539E-04  2.297E-04  6.911E-04  1.152E-03  2.038E-03  5.780E-05
                1.001E-04  1.349E-04  6.538E-04  1.203E-02  5.179E-01  1.531E+00
                2.478E+00  1.024E-02  5.382E-03  2.354E-01  5.895E-02  1.726E-01
                2.727E-01  4.089E-04  1.268E-01  2.064E-01  2.829E-01  4.534E-03
                1.011E-03  2.088E-02  8.227E-02  5.601E-04  5.112E-03  9.798E-03
                7.938E-02  1.339E-03  1.155E-02  1.314E-04  5.953E-01  1.514E-03
                1.603E-02  1.022E-03  5.955E-04  2.109E-01  1.848E-03  1.557E-02
                3.013E-02  1.337E-03  2.486E-01  2.794E-02  3.978E-04  4.553E-01
                1.323E+00  3.432E-02  9.560E-03  1.793E-03  2.800E-03  2.645E-02
                5.262E-02  1.248E-02  2.933E-02  4.250E-01  6.570E-04  6.110E-02
                4.834E-01  2.414E+00  8.026E-03  2.972E-03  1.540E+00  5.621E-04
                1.048E-04  3.456E-04  5.245E-04  1.110E-01  6.314E-04  2.621E-03
                1.473E-03  2.305E-01  2.129E-01  1.028E-03  5.786E-04  1.747E-03
                2.891E-03  3.935E-02  1.875E-03  1.417E-02  4.216E-03  2.030E+00
                3.592E-01  1.310E+00  3.862E+00  6.233E+00  1.279E-02  4.265E-01
                7.022E-01  9.845E-01  6.707E-03  2.479E-03  1.512E-02  4.269E-01
                2.145E-04  1.833E+00  1.671E-03  8.476E-02  7.925E-04  4.471E-03
                9.800E-01  1.125E-03  1.385E+00  4.129E+00  1.722E-01  2.280E-02
                1.400E-02  1.070E-03  2.475E-01  1.531E+00  7.542E+00  1.430E-02
                2.359E-02  3.789E-04  5.249E-03  8.814E-04  6.767E-01  3.707E+00
                4.599E-01  1.257E-01  1.723E-02  1.553E-03  5.841E-01  3.049E-02
                3.212E-02  4.751E-02  3.217E-03  5.513E+00
2.72247143E+00  1.467E-03  6.315E-04  1.901E-03  3.155E-03  1.048E-02  6.628E-02
                4.036E-04  1.883E-04  5.668E-04  9.439E-04  2.150E-03  4.448E-05
                7.856E-05  1.038E-04  7.204E-04  1.327E-02  4.879E-01  1.443E+00
                2.338E+00  8.821E-03  4.063E-03  2.379E-01  5.891E-02  1.713E-01
                2.666E-01  2.980E-04  1.249E-01  2.026E-01  2.764E-01  3.616E-03
                7.209E-04  1.708E-02  8.132E-02  4.204E-04  4.140E-03  9.463E-03
                8.031E-02  1.057E-03  1.082E-02  9.421E-05  5.907E-01  1.096E-03
                1.593E-02  7.146E-04  4.257E-04  2.041E-01  1.419E-03  1.263E-02
                2.928E-02  1.056E-03  2.507E-01  2.595E-02  2.862E-04  4.531E-01
                1.306E+00  3.353E-02  8.589E-03  1.284E-03  2.102E-03  2.148E-02
                5.175E-02  1.185E-02  2.750E-02  4.274E-01  4.709E-04  6.091E-02
                4.803E-01  2.369E+00  6.577E-03  2.124E-03  1.453E+00  4.274E-04
                7.378E-05  2.515E-04  3.693E-04  1.123E-01  4.511E-04  2.285E-03
                1.052E-03  2.250E-01  2.074E-01  7.321E-04  4.183E-04  1.266E-03
                2.090E-03  3.839E-02  1.321E-03  1.303E-02  2.934E-03  1.989E+00
                3.599E-01  1.098E+00  3.237E+00  5.232E+00  1.139E-02  3.859E-01
                6.355E-01  8.911E-01  5.623E-03  1.771E-03  1.262E-02  3.860E-01
                1.466E-04  1.563E+00  1.199E-03  7.924E-02  5.359E-04  3.911E-03
                8.854E-01  8.427E-04  1.181E+00  3.529E+00  1.607E-01  1.911E-02
                1.226E-02  7.297E-04  2.238E-01  1.320E+00  6.452E+00  1.161E-02
                2.066E-02  2.532E-04  4.592E-03  5.869E-04  6.112E-01  3.111E+00
                4.248E-01  1.194E-01  1.467E-02  1.077E-03  5.431E-01  2.617E-02
                2.712E-02  4.076E-02  2.166E-03  4.720E+00
2.97591538E+00  1.252E-03  5.309E-04  1.600E-03  2.652E-03  1.062E-02  7.208E-02
                3.414E-04  1.581E-04  4.761E-04  7.923E-04  2.229E-03  3.564E-05
                6.432E-05  8.317E-05  7.776E-04  1.445E-02  4.618E-01  1.366E+00
                2.216E+00  7.829E-03  3.189E-03  2.396E-01  5.731E-02  1.656E-01
                2.544E-01  2.266E-04  1.218E-01  1.972E-01  2.684E-01  3.019E-03
                5.391E-04  1.444E-02  8.048E-02  3.277E-04  3.537E-03  8.962E-03
                8.099E-02  8.615E-04  1.009E-02  7.102E-05  5.765E-01  8.334E-04
                1.578E-02  5.266E-04  3.184E-04  1.989E-01  1.133E-03  1.080E-02
                2.788E-02  8.602E-04  2.520E-01  2.406E-02  2.165E-04  4.434E-01
                1.269E+00  3.284E-02  7.868E-03  9.618E-04  1.638E-03  1.839E-02
                4.978E-02  1.117E-02  2.567E-02  4.287E-01  3.550E-04  6.011E-02
                4.699E-01  2.290E+00  5.637E-03  1.589E-03  1.376E+00  3.378E-04
                5.455E-05  1.921E-04  2.730E-04  1.131E-01  3.378E-04  2.049E-03
                7.880E-04  2.182E-01  1.972E-01  5.493E-04  3.161E-04  9.587E-04
                1.580E-03  3.660E-02  9.832E-04  1.209E-02  2.155E-03  1.921E+00
                3.594E-01  9.311E-01  2.743E+00  4.440E+00  1.010E-02  3.511E-01
                5.783E-01  8.109E-01  4.855E-03  1.311E-03  1.068E-02  3.512E-01
                1.037E-04  1.345E+00  8.872E-04  7.372E-02  3.810E-04  3.420E-03
                8.052E-01  6.524E-04  1.015E+00  3.043E+00  1.494E-01  1.626E-02
                1.073E-02  5.151E-04  2.029E-01  1.147E+00  5.570E+00  9.679E-03
                1.808E-02  1.781E-04  4.082E-03  4.110E-04  5.550E-01  2.638E+00
                3.939E-01  1.132E-01  1.269E-02  7.858E-04  5.065E-01  2.274E-02
                2.321E-02  3.530E-02  1.534E-03  4.075E+00
3.22935933E+00  1.167E-03  4.541E-04  1.370E-03  2.269E-03  1.124E-02  7.693E-02
                3.084E-04  1.334E-04  4.023E-04  6.688E-04  2.288E-03  2.869E-05
                5.320E-05  6.695E-05  8.338E-04  1.559E-02  4.386E-01  1.298E+00
                2.106E+00  7.073E-03  2.570E-03  2.409E-01  5.482E-02  1.575E-01
                2.392E-01  1.773E-04  1.183E-01  1.912E-01  2.598E-01  2.603E-03
                4.188E-04  1.246E-02  7.931E-02  2.623E-04  3.052E-03  8.392E-03
                8.148E-02  7.183E-04  9.403E-03  5.521E-05  5.570E-01  6.555E-04
                1.557E-02  4.038E-04  2.466E-04  1.938E-01  9.289E-04  9.336E-03
                2.622E-02  7.171E-04  2.529E-01  2.230E-02  1.690E-04  4.295E-01
                1.222E+00  3.217E-02  7.285E-03  7.458E-04  1.311E-03  1.590E-02
                4.724E-02  1.047E-02  2.391E-02  4.295E-01  2.759E-04  5.890E-02
                4.554E-01  2.196E+00  4.972E-03  1.231E-03  1.308E+00  2.728E-04
                4.192E-05  1.522E-04  2.096E-04  1.138E-01  2.619E-04  1.873E-03
                6.109E-04  2.109E-01  1.847E-01  4.251E-04  2.471E-04  7.508E-04
                1.234E-03  3.444E-02  7.624E-04  1.129E-02  1.648E-03  1.841E+00
                3.584E-01  7.970E-01  2.347E+00  3.804E+00  8.770E-03  3.214E-01
                5.295E-01  7.425E-01  4.277E-03  9.937E-04  8.991E-03  3.218E-01
                7.488E-05  1.165E+00  6.703E-04  6.849E-02  2.800E-04  2.951E-03
                7.374E-01  5.167E-04  8.794E-01  2.643E+00  1.387E-01  1.400E-02
                9.279E-03  3.711E-04  1.845E-01  1.004E+00  4.845E+00  8.214E-03
                1.561E-02  1.296E-04  3.675E-03  2.978E-04  5.070E-01  2.258E+00
                3.664E-01  1.072E-01  1.099E-02  5.929E-04  4.737E-01  1.975E-02
                2.007E-02  3.046E-02  1.124E-03  3.544E+00
3.48280329E+00  9.958E-04  3.842E-04  1.162E-03  1.920E-03  1.107E-02  8.175E-02
                2.698E-04  1.136E-04  3.429E-04  5.695E-04  2.357E-03  2.365E-05
                4.517E-05  5.519E-05  8.798E-04  1.651E-02  4.178E-01  1.237E+00
                2.008E+00  6.203E-03  2.119E-03  2.419E-01  5.186E-02  1.483E-01
                2.227E-01  1.428E-04  1.146E-01  1.850E-01  2.511E-01  2.300E-03
                3.350E-04  1.069E-02  7.839E-02  2.144E-04  2.643E-03  7.816E-03
                8.187E-02  6.100E-04  8.765E-03  4.434E-05  5.350E-01  5.305E-04
                1.534E-02  3.190E-04  1.962E-04  1.896E-01  7.788E-04  8.096E-03
                2.451E-02  6.090E-04  2.535E-01  2.071E-02  1.363E-04  4.134E-01
                1.171E+00  3.152E-02  6.788E-03  5.946E-04  1.072E-03  1.379E-02
                4.450E-02  9.800E-03  2.226E-02  4.299E-01  2.216E-04  5.747E-02
                4.388E-01  2.096E+00  4.468E-03  9.797E-04  1.246E+00  2.272E-04
                3.316E-05  1.239E-04  1.657E-04  1.142E-01  2.090E-04  1.734E-03
                4.871E-04  2.036E-01  1.714E-01  3.403E-04  1.984E-04  6.041E-04
                9.910E-04  3.221E-02  6.096E-04  1.057E-02  1.299E-03  1.755E+00
                3.572E-01  6.883E-01  2.026E+00  3.289E+00  8.125E-03  2.961E-01
                4.881E-01  6.843E-01  3.828E-03  7.754E-04  8.016E-03  2.970E-01
                5.564E-05  1.016E+00  5.150E-04  6.365E-02  2.115E-04  2.712E-03
                6.805E-01  4.194E-04  7.670E-01  2.311E+00  1.290E-01  1.216E-02
                8.530E-03  2.755E-04  1.683E-01  8.850E-01  4.244E+00  7.069E-03
                1.435E-02  9.668E-05  3.343E-03  2.212E-04  4.663E-01  1.951E+00
                3.431E-01  1.016E-01  9.999E-03  4.600E-04  4.452E-01  1.803E-02
                1.750E-02  2.778E-02  8.485E-04  3.102E+00
3.73624724E+00  9.353E-04  3.445E-04  1.043E-03  1.721E-03  1.185E-02  8.624E-02
                2.418E-04  1.002E-04  3.027E-04  5.021E-04  2.418E-03  1.995E-05
                3.934E-05  4.656E-05  9.224E-04  1.763E-02  3.989E-01  1.181E+00
                1.918E+00  5.770E-03  1.781E-03  2.426E-01  4.869E-02  1.386E-01
                2.061E-01  1.167E-04  1.108E-01  1.788E-01  2.427E-01  2.066E-03
                2.728E-04  9.541E-03  7.710E-02  1.787E-04  2.371E-03  7.261E-03
                8.217E-02  5.255E-04  8.185E-03  3.618E-05  5.120E-01  4.376E-04
                1.507E-02  2.583E-04  1.597E-04  1.853E-01  6.655E-04  7.271E-03
                2.283E-02  5.247E-04  2.539E-01  1.927E-02  1.117E-04  3.965E-01
                1.118E+00  3.084E-02  6.353E-03  4.845E-04  8.935E-04  1.239E-02
                4.171E-02  9.164E-03  2.074E-02  4.300E-01  1.808E-04  5.589E-02
                4.214E-01  1.995E+00  4.070E-03  7.970E-04  1.189E+00  1.901E-04
                2.671E-05  1.025E-04  1.333E-04  1.146E-01  1.702E-04  1.621E-03
                3.964E-04  1.964E-01  1.582E-01  2.766E-04  1.627E-04  4.965E-04
                8.126E-04  3.002E-02  4.999E-04  9.917E-03  1.050E-03  1.670E+00
                3.559E-01  5.993E-01  1.764E+00  2.866E+00  6.997E-03  2.745E-01
                4.527E-01  6.344E-01  3.468E-03  6.088E-04  6.798E-03  2.759E-01
                4.119E-05  8.921E-01  3.992E-04  5.927E-02  1.621E-04  2.327E-03
                6.317E-01  3.436E-04  6.731E-01  2.033E+00  1.201E-01  1.064E-02
                7.337E-03  2.040E-04  1.542E-01  7.847E-01  3.740E+00  6.145E-03
                1.232E-02  7.332E-05  3.069E-03  1.672E-04  4.317E-01  1.699E+00
                3.214E-01  9.628E-02  8.722E-03  3.627E-04  4.189E-01  1.573E-02
                1.537E-02  2.402E-02  6.503E-04  2.732E+00
3.98969119E+00  8.433E-04  2.895E-04  8.783E-04  1.446E-03  1.156E-02  8.988E-02
                2.261E-04  8.523E-05  2.579E-04  4.272E-04  2.496E-03  1.668E-05
                3.417E-05  3.891E-05  9.602E-04  1.826E-02  3.815E-01  1.130E+00
                1.836E+00  5.093E-03  1.521E-03  2.432E-01  4.551E-02  1.289E-01
                1.901E-01  9.745E-05  1.071E-01  1.728E-01  2.346E-01  1.883E-03
                2.277E-04  8.330E-03  7.617E-02  1.513E-04  2.093E-03  6.756E-03
                8.241E-02  4.584E-04  7.664E-03  3.027E-05  4.890E-01  3.678E-04
                1.479E-02  2.130E-04  1.323E-04  1.817E-01  5.775E-04  6.425E-03
                2.128E-02  4.576E-04  2.541E-01  1.798E-02  9.386E-05  3.793E-01
                1.065E+00  3.018E-02  5.966E-03  4.020E-04  7.561E-04  1.094E-02
                3.907E-02  8.575E-03  1.935E-02  4.300E-01  1.513E-04  5.426E-02
                4.038E-01  1.896E+00  3.742E-03  6.603E-04  1.137E+00  1.639E-04
                2.206E-05  8.662E-05  1.099E-04  1.148E-01  1.413E-04  1.525E-03
                3.289E-04  1.895E-01  1.456E-01  2.309E-04  1.357E-04  4.150E-04
                6.778E-04  2.802E-02  4.177E-04  9.326E-03  8.644E-04  1.586E+00
                3.546E-01  5.257E-01  1.547E+00  2.516E+00  6.647E-03  2.562E-01
                4.226E-01  5.918E-01  3.177E-03  4.928E-04  6.261E-03  2.579E-01
                3.162E-05  7.874E-01  3.136E-04  5.531E-02  1.266E-04  2.200E-03
                5.907E-01  2.882E-04  5.940E-01  1.799E+00  1.121E-01  9.381E-03
                6.935E-03  1.567E-04  1.418E-01  6.996E-01  3.314E+00  5.394E-03
                1.165E-02  5.657E-05  2.840E-03  1.288E-04  4.022E-01  1.490E+00
                3.034E-01  9.138E-02  8.156E-03  2.917E-04  3.963E-01  1.475E-02
                1.359E-02  2.254E-02  5.095E-04  2.419E+00
4.24313514E+00  7.427E-04  2.685E-04  8.160E-04  1.342E-03  1.217E-02  9.395E-02
                1.909E-04  7.719E-05  2.339E-04  3.869E-04  2.483E-03  1.451E-05
                3.079E-05  3.386E-05  9.902E-04  1.935E-02  3.655E-01  1.083E+00
                1.759E+00  4.736E-03  1.311E-03  2.437E-01  4.238E-02  1.196E-01
                1.749E-01  8.197E-05  1.035E-01  1.670E-01  2.268E-01  1.733E-03
                1.906E-04  7.521E-03  7.481E-02  1.292E-04  1.886E-03  6.288E-03
                8.261E-02  4.037E-04  7.196E-03  2.543E-05  4.665E-01  3.128E-04
                1.448E-02  1.788E-04  1.112E-04  1.776E-01  5.061E-04  5.796E-03
                1.983E-02  4.031E-04  2.543E-01  1.684E-02  7.921E-05  3.625E-01
                1.015E+00  2.950E-02  5.617E-03  3.386E-04  6.459E-04  9.869E-03
                3.654E-02  8.033E-03  1.809E-02  4.300E-01  1.270E-04  5.259E-02
                3.864E-01  1.802E+00  3.467E-03  5.552E-04  1.088E+00  1.402E-04
                1.826E-05  7.343E-05  9.086E-05  1.150E-01  1.188E-04  1.443E-03
                2.762E-04  1.830E-01  1.336E-01  1.932E-04  1.149E-04  3.520E-04
                5.734E-04  2.615E-02  3.552E-04  8.788E-03  7.243E-04  1.507E+00
                3.533E-01  4.645E-01  1.366E+00  2.225E+00  5.729E-03  2.402E-01
                3.965E-01  5.548E-01  2.935E-03  3.988E-04  5.354E-03  2.424E-01
                2.391E-05  6.986E-01  2.476E-04  5.175E-02  9.961E-05  1.893E-03
                5.548E-01  2.428E-04  5.270E-01  1.599E+00  1.049E-01  8.318E-03
                5.988E-03  1.187E-04  1.309E-01  6.270E-01  2.952E+00  4.768E-03
                1.004E-02  4.414E-05  2.647E-03  1.004E-04  3.767E-01  1.317E+00
                2.863E-01  8.684E-02  7.177E-03  2.368E-04  3.751E-01  1.297E-02
                1.208E-02  1.961E-02  4.023E-04  2.154E+00
