  NV=    2  LV=   -1       K    1    2    3    4    5    6    7    8    9   10   11   12   13   14   15   16   17   18   19   20
  3CFIC  G   Z= 7    N= 4  NL  1 0  2 0  2 1
    1    1    1 1  22
    2   12    1 1  12513
    3   15    1 1  23
        I-S            C-S           AUTO-IONIZATION DATA       Z= 7   N= 4
   CF   LV    W   CF   LV    W      AA*SEC         E-C(RYD)      E-I(RYD)
                                                                   0.000000
   NLEVEL=   10                                       E1/RY=    -102.417532
    K   LV    T 2S+1    L   2J   CF     (EK-E1)/RY
    1    8    5    1    0    0    1       0.000000
    2   10    3   -3    1    0    2       0.645287
    3    5    3   -3    1    2    2       0.645865
    4    3    3   -3    1    4    2       0.647025
    5    6    4   -1    1    2    2       1.301067
    6    7    2    3    1    0    3       1.660954
    7    4    2    3    1    2    3       1.661537
    8    2    2    3    1    4    3       1.662692
    9    1    1    1    2    4    3       1.856326
   10    9    6    1    0    0    3       2.297288
  
    
