           8           2
          17          12         136
   0           1   0           3   0          -1   0          -3   0          -5   0           1   0          -3   0           3   0          -1   0          -3   0          -5   0           1   0           3   0           5   0           7   0           5   0          -3
    0.000000E+00    1.145905E+00    1.161331E+00    1.161421E+00    1.161606E+00
    1.163117E+00    1.173541E+00    1.352519E+00    1.356653E+00    1.356678E+00
    1.356729E+00    1.356986E+00    1.358976E+00    1.358985E+00    1.359001E+00
    1.359135E+00    1.359996E+00
1.38266969E+00  3.641E-32  8.961E-64  9.495E-15  1.721E-34  7.990E-10  8.570E-11
                3.053E-28  9.887E-59  8.854E-18  3.790E-30  1.495E-14  2.611E-29
                1.195E-15  2.673E-32  1.746E-13  8.177E-16  3.655E-01  1.138E+00
                2.020E+00  2.828E-22  9.945E-05  2.345E-10  5.949E-08  4.771E-08
                8.144E-08  1.328E-18  7.450E-13  1.940E-12  5.241E-10  1.324E-14
                9.953E-08  3.721E-05  1.430E-03  6.426E-54  4.121E-09  2.547E-07
                1.246E-09  7.604E-10  2.524E-09  2.154E-50  5.872E-07  5.039E-12
                1.457E-09  3.447E-14  5.689E-12  3.260E-03  4.518E-04  1.109E-06
                2.113E-07  1.495E-10  1.478E-09  2.408E-09  5.981E-07  1.088E-07
                4.008E-07  2.372E-09  1.044E-06  6.808E-09  7.751E-25  3.603E-07
                3.902E-07  1.386E-09  2.330E-09  4.395E-09  4.255E-21  6.569E-09
                1.078E-07  7.376E-07  7.378E-10  3.044E-10  1.688E+00  1.756E-18
                3.482E-49  1.300E-07  1.345E-20  2.977E-11  2.404E-21  4.334E-13
                8.976E-23  6.338E-11  4.030E-11  4.411E-07  4.527E-10  4.781E-09
                2.924E-09  1.051E-12  2.298E-07  7.431E-07  1.143E-11  9.606E-09
                1.299E-10  1.259E+00  4.060E+00  7.721E+00  8.045E-21  1.218E-02
                2.357E-02  4.109E-02  1.612E-04  4.964E-04  3.883E-03  9.789E-03
                7.435E-50  3.292E+00  2.480E-05  1.960E-05  1.697E-07  5.072E-07
                2.857E-02  2.637E-03  2.397E+00  7.754E+00  9.893E-05  4.378E-02
                7.796E-06  2.750E-21  1.501E-01  2.433E+00  1.541E+01  1.614E-02
                3.464E-06  2.506E-23  1.260E-04  1.005E-23  1.828E-02  5.587E+00
                6.602E-03  6.763E-04  4.546E-05  4.744E-04  7.976E-03  1.604E-04
                9.213E-02  5.484E-05  1.293E-08  1.724E+01
1.65325806E+00  2.542E-29  9.509E-60  5.054E-13  1.959E-30  1.255E-09  4.564E-09
                1.463E-26  1.157E-56  1.332E-14  1.064E-27  7.343E-10  1.772E-27
                1.745E-11  4.577E-29  2.551E-09  9.641E-11  6.895E-01  2.105E+00
                3.601E+00  3.451E-22  1.672E-04  6.175E-06  7.897E-05  3.165E-04
                8.928E-04  9.276E-19  2.273E-04  5.668E-04  1.383E-03  3.878E-06
                7.177E-08  7.148E-05  2.966E-03  1.130E-52  7.929E-09  3.667E-05
                2.236E-06  5.317E-07  8.660E-05  4.175E-50  1.137E-03  7.347E-08
                5.703E-05  5.026E-10  6.611E-11  6.704E-03  5.888E-04  2.384E-06
                9.294E-05  5.402E-07  4.903E-05  1.751E-04  7.474E-07  6.983E-04
                3.614E-03  1.062E-04  2.117E-05  5.797E-08  3.640E-23  7.601E-07
                1.113E-04  3.284E-05  9.325E-05  1.385E-04  4.498E-21  7.465E-05
                8.998E-04  9.990E-03  6.156E-06  1.049E-08  2.779E+00  1.373E-18
                4.351E-49  3.897E-07  3.323E-20  2.969E-06  3.595E-20  7.675E-06
                5.543E-22  1.122E-03  7.190E-04  9.036E-07  4.245E-10  1.003E-07
                5.012E-08  1.212E-04  5.073E-07  3.852E-05  1.425E-08  7.840E-03
                2.899E-04  6.719E+00  2.032E+01  3.420E+01  5.220E-21  7.457E-02
                1.267E-01  1.841E-01  8.668E-04  1.985E-03  2.043E-03  7.315E-02
                2.402E-49  1.078E+01  5.773E-05  1.584E-03  3.949E-07  2.668E-07
                1.683E-01  5.501E-03  8.106E+00  2.439E+01  3.232E-03  1.165E-01
                6.382E-05  6.757E-21  5.447E-01  8.137E+00  4.631E+01  5.442E-02
                2.228E-05  2.626E-23  7.763E-04  4.942E-23  1.135E-01  2.245E+01
                4.352E-02  5.335E-03  2.980E-04  1.328E-03  5.068E-02  2.358E-04
                2.109E-01  3.469E-04  4.199E-07  4.153E+01
1.92384644E+00  4.602E-27  8.971E-58  2.905E-11  5.234E-28  1.126E-09  2.612E-07
                7.544E-25  1.021E-55  6.701E-14  5.280E-26  1.195E-09  1.327E-25
                2.373E-11  4.570E-27  3.468E-09  1.279E-09  8.845E-01  2.684E+00
                4.546E+00  6.447E-22  2.185E-04  7.624E-05  1.626E-03  5.795E-03
                1.330E-02  6.129E-19  2.968E-03  6.209E-03  1.208E-02  4.248E-05
                3.906E-07  1.027E-04  4.372E-03  2.040E-51  1.140E-08  5.289E-04
                2.690E-05  5.384E-06  7.728E-04  4.790E-50  1.816E-02  1.185E-06
                2.854E-04  8.110E-09  6.837E-10  9.850E-03  6.558E-04  3.508E-06
                1.422E-03  5.401E-06  5.366E-04  1.638E-03  5.525E-07  1.199E-02
                4.916E-02  5.460E-04  2.479E-04  5.161E-07  2.321E-22  1.123E-06
                1.888E-03  4.434E-04  1.139E-03  1.382E-03  5.562E-21  9.134E-04
                1.325E-02  1.136E-01  9.064E-05  1.372E-07  3.401E+00  8.179E-19
                5.168E-49  2.307E-06  4.132E-20  3.625E-05  3.353E-20  6.996E-05
                1.367E-21  1.023E-02  1.118E-02  1.330E-06  1.002E-09  8.223E-07
                2.839E-07  1.975E-03  2.406E-06  5.055E-04  7.248E-08  9.444E-02
                2.985E-03  8.533E+00  2.571E+01  4.303E+01  4.052E-21  1.256E-01
                2.119E-01  3.049E-01  1.450E-03  2.662E-03  1.341E-03  1.290E-01
                3.668E-49  1.310E+01  1.108E-04  6.107E-03  7.582E-07  1.749E-07
                2.922E-01  6.194E-03  9.855E+00  2.955E+01  1.229E-02  1.408E-01
                1.121E-04  1.013E-20  6.705E-01  9.881E+00  5.591E+01  6.637E-02
                3.840E-05  9.592E-22  1.355E-03  1.616E-22  1.982E-01  2.773E+01
                7.785E-02  1.029E-02  5.328E-04  1.549E-03  9.155E-02  4.246E-04
                2.472E-01  6.265E-04  1.594E-06  4.846E+01
2.19443482E+00  1.442E-25  2.711E-56  3.387E-10  1.218E-26  2.478E-09  3.038E-06
                7.686E-24  1.066E-54  2.085E-12  7.682E-25  1.240E-09  1.534E-24
                1.548E-10  8.981E-26  2.262E-08  3.150E-08  1.022E+00  3.094E+00
                5.215E+00  1.067E-21  2.599E-04  2.363E-04  6.207E-03  2.103E-02
                4.403E-02  4.502E-19  8.691E-03  1.696E-02  3.006E-02  1.161E-04
                1.861E-06  1.298E-04  5.760E-03  7.768E-51  1.442E-08  1.704E-03
                8.126E-05  1.481E-05  1.930E-03  5.299E-50  6.053E-02  3.883E-06
                5.853E-04  2.656E-08  1.911E-09  1.297E-02  7.011E-04  4.620E-06
                4.722E-03  1.482E-05  1.473E-03  4.180E-03  5.594E-07  4.138E-02
                1.546E-01  1.136E-03  7.646E-04  1.379E-06  4.218E-22  1.486E-06
                6.670E-03  1.310E-03  3.243E-03  3.660E-03  6.908E-21  2.988E-03
                4.395E-02  3.346E-01  3.006E-04  3.971E-07  3.835E+00  5.493E-19
                6.821E-49  6.345E-06  4.974E-20  1.101E-04  2.667E-20  1.744E-04
                2.161E-21  2.549E-02  3.701E-02  2.099E-06  2.011E-09  2.095E-06
                6.627E-07  6.640E-03  6.504E-06  1.525E-03  1.536E-07  2.809E-01
                7.824E-03  9.634E+00  2.899E+01  4.841E+01  4.173E-21  1.749E-01
                2.939E-01  4.207E-01  2.011E-03  3.089E-03  1.192E-03  1.808E-01
                4.736E-49  1.451E+01  1.680E-04  1.249E-02  1.149E-06  1.555E-07
                4.075E-01  6.615E-03  1.092E+01  3.270E+01  2.502E-02  1.557E-01
                1.572E-04  1.292E-20  7.528E-01  1.095E+01  6.176E+01  7.365E-02
                5.338E-05  5.158E-21  1.907E-03  4.155E-22  2.788E-01  3.094E+01
                1.105E-01  1.615E-02  7.560E-04  1.683E-03  1.312E-01  6.484E-04
                2.693E-01  8.980E-04  3.242E-06  5.264E+01
2.46502320E+00  1.317E-24  2.474E-55  1.787E-09  9.422E-26  7.361E-09  1.599E-05
                3.591E-23  5.818E-54  2.602E-11  4.492E-24  1.294E-09  7.783E-24
                1.046E-09  6.303E-25  1.529E-07  3.196E-07  1.129E+00  3.411E+00
                5.734E+00  1.421E-21  2.941E-04  4.427E-04  1.334E-02  4.397E-02
                8.741E-02  3.503E-19  1.575E-02  2.962E-02  4.984E-02  2.026E-04
                4.347E-06  1.486E-04  7.109E-03  1.628E-50  1.651E-08  3.319E-03
                1.494E-04  2.511E-05  3.210E-03  5.770E-50  1.200E-01  7.431E-06
                9.193E-04  5.084E-08  3.258E-09  1.605E-02  7.356E-04  5.658E-06
                9.366E-03  2.512E-05  2.581E-03  7.039E-03  7.773E-07  8.372E-02
                2.973E-01  1.803E-03  1.464E-03  2.365E-06  5.499E-22  1.847E-06
                1.374E-02  2.389E-03  5.800E-03  6.280E-03  8.230E-21  6.017E-03
                8.747E-02  6.218E-01  5.983E-04  7.137E-07  4.170E+00  3.960E-19
                8.870E-49  1.168E-05  5.910E-20  2.022E-04  2.079E-20  2.885E-04
                2.978E-21  4.217E-02  7.300E-02  3.046E-06  3.058E-09  3.541E-06
                1.084E-06  1.319E-02  1.209E-05  2.849E-03  2.473E-07  5.230E-01
                1.328E-02  1.042E+01  3.132E+01  5.225E+01  4.386E-21  2.195E-01
                3.676E-01  5.243E-01  2.516E-03  3.395E-03  1.157E-03  2.272E-01
                5.568E-49  1.552E+01  2.229E-04  2.012E-02  1.525E-06  1.509E-07
                5.117E-01  6.915E-03  1.168E+01  3.496E+01  4.019E-02  1.665E-01
                1.976E-04  1.480E-20  8.157E-01  1.171E+01  6.595E+01  7.889E-02
                6.688E-05  1.154E-20  2.405E-03  7.943E-22  3.516E-01  3.322E+01
                1.416E-01  2.255E-02  9.690E-04  1.779E-03  1.692E-01  8.896E-04
                2.852E-01  1.157E-03  5.202E-06  5.563E+01
2.73561158E+00  6.081E-24  1.165E-54  6.066E-09  4.014E-25  2.117E-08  5.415E-05
                1.089E-22  2.080E-53  1.481E-10  1.586E-23  2.684E-09  2.513E-23
                4.379E-09  2.503E-24  6.401E-07  1.650E-06  1.216E+00  3.669E+00
                6.158E+00  1.644E-21  3.229E-04  6.532E-04  2.195E-02  7.113E-02
                1.367E-01  2.819E-19  2.307E-02  4.238E-02  6.896E-02  2.899E-04
                7.420E-06  1.601E-04  8.422E-03  2.605E-50  1.778E-08  5.117E-03
                2.170E-04  3.432E-05  4.456E-03  6.113E-50  1.873E-01  1.112E-05
                1.287E-03  7.607E-08  4.464E-09  1.901E-02  7.638E-04  6.682E-06
                1.463E-02  3.432E-05  3.699E-03  9.851E-03  1.119E-06  1.325E-01
                4.556E-01  2.541E-03  2.242E-03  3.334E-06  6.515E-22  2.195E-06
                2.202E-02  3.525E-03  8.449E-03  8.863E-03  9.330E-21  9.601E-03
                1.373E-01  9.333E-01  9.389E-04  1.041E-06  4.442E+00  2.993E-19
                1.091E-48  1.756E-05  6.889E-20  2.939E-04  1.626E-20  3.983E-04
                3.861E-21  5.822E-02  1.134E-01  4.063E-06  3.963E-09  4.976E-06
                1.499E-06  2.054E-02  1.841E-05  4.278E-03  3.514E-07  7.846E-01
                1.862E-02  1.102E+01  3.311E+01  5.520E+01  4.465E-21  2.594E-01
                4.332E-01  6.160E-01  2.964E-03  3.629E-03  1.137E-03  2.670E-01
                6.171E-49  1.630E+01  2.666E-04  2.754E-02  1.824E-06  1.485E-07
                6.007E-01  7.145E-03  1.226E+01  3.670E+01  5.491E-02  1.749E-01
                2.325E-04  1.585E-20  8.669E-01  1.230E+01  6.917E+01  8.294E-02
                7.840E-05  1.816E-20  2.846E-03  1.220E-21  4.162E-01  3.497E+01
                1.699E-01  2.928E-02  1.162E-03  1.853E-03  2.042E-01  1.137E-03
                2.974E-01  1.397E-03  7.103E-06  5.792E+01
3.00619996E+00  1.875E-23  3.686E-54  1.557E-08  1.195E-24  4.932E-08  1.387E-04
                2.510E-22  5.837E-53  5.282E-10  4.090E-23  7.664E-09  6.086E-23
                1.257E-08  7.000E-24  1.837E-06  5.582E-06  1.289E+00  3.887E+00
                6.517E+00  1.748E-21  3.478E-04  8.466E-04  3.120E-02  9.993E-02
                1.875E-01  2.318E-19  3.021E-02  5.457E-02  8.671E-02  3.733E-04
                1.074E-05  1.660E-04  9.739E-03  3.595E-50  1.843E-08  6.938E-03
                2.770E-04  4.164E-05  5.613E-03  6.526E-50  2.567E-01  1.455E-05
                1.686E-03  9.954E-08  5.423E-09  2.199E-02  7.877E-04  7.684E-06
                2.002E-02  4.163E-05  4.757E-03  1.248E-02  1.510E-06  1.834E-01
                6.168E-01  3.342E-03  3.037E-03  4.235E-06  7.579E-22  2.544E-06
                3.071E-02  4.641E-03  1.102E-02  1.126E-02  1.011E-20  1.345E-02
                1.891E-01  1.246E+00  1.293E-03  1.356E-06  4.672E+00  2.338E-19
                1.301E-48  2.350E-05  7.859E-20  3.780E-04  1.282E-20  5.001E-04
                4.801E-21  7.310E-02  1.546E-01  5.086E-06  4.663E-09  6.327E-06
                1.889E-06  2.802E-02  2.497E-05  5.705E-03  4.633E-07  1.046E+00
                2.356E-02  1.150E+01  3.454E+01  5.755E+01  4.406E-21  2.935E-01
                4.891E-01  6.943E-01  3.347E-03  3.816E-03  1.116E-03  3.007E-01
                6.597E-49  1.693E+01  2.982E-04  3.457E-02  2.040E-06  1.459E-07
                6.760E-01  7.329E-03  1.273E+01  3.810E+01  6.883E-02  1.816E-01
                2.619E-04  1.630E-20  9.096E-01  1.278E+01  7.177E+01  8.621E-02
                8.813E-05  2.387E-20  3.224E-03  1.622E-21  4.713E-01  3.637E+01
                1.954E-01  3.598E-02  1.337E-03  1.912E-03  2.363E-01  1.377E-03
                3.072E-01  1.616E-03  8.897E-06  5.977E+01
3.27678834E+00  4.455E-23  9.144E-54  3.298E-08  2.806E-24  9.671E-08  2.935E-04
                4.788E-22  1.380E-52  1.410E-09  8.528E-23  1.749E-08  1.210E-22
                2.814E-08  1.546E-23  4.113E-06  1.441E-05  1.352E+00  4.076E+00
                6.827E+00  1.767E-21  3.695E-04  1.018E-03  4.057E-02  1.288E-01
                2.374E-01  1.936E-19  3.701E-02  6.602E-02  1.030E-01  4.516E-04
                1.410E-05  1.683E-04  1.105E-02  4.575E-50  1.868E-08  8.693E-03
                3.273E-04  4.709E-05  6.671E-03  6.807E-50  3.250E-01  1.755E-05
                2.106E-03  1.201E-07  6.140E-09  2.496E-02  8.084E-04  8.699E-06
                2.527E-02  4.709E-05  5.732E-03  1.489E-02  1.908E-06  2.340E-01
                7.742E-01  4.187E-03  3.815E-03  5.057E-06  8.830E-22  2.892E-06
                3.932E-02  5.703E-03  1.344E-02  1.343E-02  1.058E-20  1.737E-02
                2.405E-01  1.547E+00  1.645E-03  1.653E-06  4.871E+00  1.875E-19
                1.492E-48  2.927E-05  8.786E-20  4.557E-04  1.020E-20  5.938E-04
                5.766E-21  8.680E-02  1.947E-01  6.078E-06  5.171E-09  7.574E-06
                2.249E-06  3.524E-02  3.148E-05  7.077E-03  5.797E-07  1.298E+00
                2.806E-02  1.189E+01  3.571E+01  5.948E+01  4.254E-21  3.223E-01
                5.364E-01  7.606E-01  3.670E-03  3.970E-03  1.087E-03  3.288E-01
                6.853E-49  1.745E+01  3.182E-04  4.099E-02  2.177E-06  1.422E-07
                7.388E-01  7.480E-03  1.313E+01  3.926E+01  8.157E-02  1.872E-01
                2.864E-04  1.634E-20  9.456E-01  1.318E+01  7.392E+01  8.892E-02
                9.624E-05  2.823E-20  3.542E-03  1.963E-21  5.178E-01  3.751E+01
                2.181E-01  4.246E-02  1.492E-03  1.961E-03  2.652E-01  1.608E-03
                3.154E-01  1.814E-03  1.054E-05  6.130E+01
3.54737672E+00  8.842E-23  1.887E-53  6.086E-08  5.575E-24  1.675E-07  5.409E-04
                7.975E-22  2.889E-52  3.095E-09  1.529E-22  3.394E-08  2.088E-22
                5.329E-08  2.889E-23  7.790E-06  3.094E-05  1.408E+00  4.243E+00
                7.102E+00  1.727E-21  3.887E-04  1.173E-03  4.972E-02  1.568E-01
                2.849E-01  1.637E-19  4.345E-02  7.673E-02  1.181E-01  5.249E-04
                1.737E-05  1.678E-04  1.236E-02  5.493E-50  1.862E-08  1.034E-02
                3.686E-04  5.097E-05  7.632E-03  7.110E-50  3.908E-01  2.008E-05
                2.540E-03  1.374E-07  6.650E-09  2.794E-02  8.267E-04  9.721E-06
                3.024E-02  5.096E-05  6.626E-03  1.709E-02  2.289E-06  2.829E-01
                9.245E-01  5.059E-03  4.561E-03  5.800E-06  1.029E-21  3.241E-06
                4.758E-02  6.701E-03  1.570E-02  1.540E-02  1.077E-20  2.126E-02
                2.903E-01  1.833E+00  1.985E-03  1.927E-06  5.047E+00  1.533E-19
                1.678E-48  3.474E-05  9.649E-20  5.331E-04  8.187E-21  6.803E-04
                6.718E-21  9.944E-02  2.327E-01  7.021E-06  5.518E-09  8.728E-06
                2.582E-06  4.202E-02  3.778E-05  8.372E-03  6.984E-07  1.536E+00
                3.215E-02  1.222E+01  3.670E+01  6.111E+01  4.052E-21  3.465E-01
                5.760E-01  8.164E-01  3.941E-03  4.099E-03  1.050E-03  3.523E-01
                6.988E-49  1.789E+01  3.284E-04  4.675E-02  2.247E-06  1.374E-07
                7.914E-01  7.608E-03  1.346E+01  4.025E+01  9.302E-02  1.920E-01
                3.068E-04  1.611E-20  9.763E-01  1.351E+01  7.574E+01  9.121E-02
                1.030E-04  3.122E-20  3.809E-03  2.227E-21  5.568E-01  3.848E+01
                2.383E-01  4.859E-02  1.630E-03  2.003E-03  2.913E-01  1.824E-03
                3.222E-01  1.993E-03  1.201E-05  6.260E+01
3.81796510E+00  1.540E-22  3.477E-53  1.013E-07  9.789E-24  2.646E-07  8.997E-04
                1.201E-21  5.481E-52  5.914E-09  2.453E-22  5.858E-08  3.242E-22
                8.967E-08  4.782E-23  1.311E-05  5.813E-05  1.458E+00  4.391E+00
                7.347E+00  1.653E-21  4.060E-04  1.326E-03  5.850E-02  1.834E-01
                3.296E-01  1.397E-19  4.952E-02  8.676E-02  1.320E-01  5.935E-04
                2.048E-05  1.657E-04  1.367E-02  6.405E-50  1.838E-08  1.186E-02
                4.038E-04  5.358E-05  8.558E-03  7.440E-50  4.532E-01  2.215E-05
                2.981E-03  1.515E-07  6.997E-09  3.090E-02  8.431E-04  1.075E-05
                3.485E-02  5.356E-05  7.490E-03  1.921E-02  2.642E-06  3.297E-01
                1.067E+00  5.945E-03  5.266E-03  6.505E-06  1.193E-21  3.587E-06
                5.536E-02  7.679E-03  1.789E-02  1.729E-02  1.075E-20  2.506E-02
                3.378E-01  2.101E+00  2.310E-03  2.190E-06  5.204E+00  1.275E-19
                1.858E-48  3.986E-05  1.044E-19  6.185E-04  6.625E-21  7.653E-04
                7.630E-21  1.118E-01  2.683E-01  7.905E-06  5.740E-09  9.868E-06
                2.911E-06  4.830E-02  4.381E-05  9.586E-03  8.177E-07  1.759E+00
                3.621E-02  1.250E+01  3.755E+01  6.250E+01  3.828E-21  3.668E-01
                6.093E-01  8.633E-01  4.169E-03  4.210E-03  1.005E-03  3.719E-01
                7.048E-49  1.826E+01  3.310E-04  5.186E-02  2.265E-06  1.317E-07
                8.352E-01  7.716E-03  1.374E+01  4.109E+01  1.032E-01  1.961E-01
                3.238E-04  1.572E-20  1.003E+00  1.380E+01  7.731E+01  9.318E-02
                1.087E-04  3.304E-20  4.032E-03  2.417E-21  5.894E-01  3.930E+01
                2.560E-01  5.434E-02  1.752E-03  2.038E-03  3.146E-01  2.026E-03
                3.282E-01  2.152E-03  1.332E-05  6.371E+01
4.08855348E+00  2.432E-22  5.818E-53  1.559E-07  1.564E-23  3.890E-07  1.383E-03
                1.677E-21  9.810E-52  1.018E-08  3.623E-22  9.258E-08  4.651E-22
                1.382E-07  7.229E-23  2.020E-05  9.877E-05  1.503E+00  4.526E+00
                7.569E+00  1.558E-21  4.217E-04  1.498E-03  6.681E-02  2.085E-01
                3.713E-01  1.203E-19  5.568E-02  9.690E-02  1.460E-01  6.628E-04
                2.341E-05  1.625E-04  1.497E-02  7.212E-50  1.802E-08  1.325E-02
                4.362E-04  5.522E-05  9.412E-03  7.741E-50  5.122E-01  2.379E-05
                3.424E-03  1.628E-07  7.217E-09  3.384E-02  8.580E-04  1.176E-05
                3.909E-02  5.520E-05  8.301E-03  2.117E-02  2.963E-06  3.739E-01
                1.200E+00  6.834E-03  5.930E-03  7.166E-06  1.368E-21  3.929E-06
                6.259E-02  8.594E-03  1.994E-02  1.905E-02  1.057E-20  2.872E-02
                3.827E-01  2.352E+00  2.617E-03  2.439E-06  5.346E+00  1.076E-19
                2.027E-48  4.463E-05  1.114E-19  7.209E-04  5.400E-21  8.458E-04
                8.479E-21  1.236E-01  3.013E-01  8.727E-06  5.868E-09  1.086E-05
                3.198E-06  5.405E-02  4.951E-05  1.072E-02  9.360E-07  1.967E+00
                3.980E-02  1.275E+01  3.828E+01  6.371E+01  3.599E-21  3.838E-01
                6.371E-01  9.026E-01  4.359E-03  4.305E-03  9.574E-04  3.882E-01
                7.042E-49  1.859E+01  3.277E-04  5.636E-02  2.242E-06  1.255E-07
                8.718E-01  7.811E-03  1.399E+01  4.183E+01  1.122E-01  1.996E-01
                3.379E-04  1.524E-20  1.025E+00  1.405E+01  7.867E+01  9.489E-02
                1.134E-04  3.391E-20  4.218E-03  2.543E-21  6.166E-01  4.002E+01
                2.718E-01  5.969E-02  1.860E-03  2.069E-03  3.354E-01  2.212E-03
                3.333E-01  2.295E-03  1.447E-05  6.467E+01
4.35914185E+00  3.562E-22  9.045E-53  2.256E-07  2.322E-23  5.407E-07  2.000E-03
                2.207E-21  1.622E-51  1.617E-08  5.022E-22  1.365E-07  6.269E-22
                1.992E-07  1.019E-22  2.911E-05  1.553E-04  1.544E+00  4.649E+00
                7.771E+00  1.455E-21  4.359E-04  1.696E-03  7.463E-02  2.320E-01
                4.099E-01  1.043E-19  6.144E-02  1.063E-01  1.589E-01  7.272E-04
                2.615E-05  1.586E-04  1.626E-02  7.958E-50  1.759E-08  1.451E-02
                4.695E-04  5.612E-05  1.015E-02  8.055E-50  5.675E-01  2.507E-05
                3.865E-03  1.715E-07  7.342E-09  3.674E-02  8.716E-04  1.275E-05
                4.297E-02  5.610E-05  9.031E-03  2.286E-02  3.252E-06  4.156E-01
                1.325E+00  7.717E-03  6.553E-03  7.731E-06  1.551E-21  4.266E-06
                6.926E-02  9.404E-03  2.174E-02  2.062E-02  1.029E-20  3.223E-02
                4.251E-01  2.586E+00  2.907E-03  2.657E-06  5.475E+00  9.183E-20
                2.178E-48  4.905E-05  1.177E-19  8.483E-04  4.431E-21  9.174E-04
                9.251E-21  1.341E-01  3.318E-01  9.488E-06  5.924E-09  1.172E-05
                3.447E-06  5.929E-02  5.489E-05  1.177E-02  1.052E-06  2.162E+00
                4.292E-02  1.296E+01  3.892E+01  6.477E+01  3.375E-21  3.980E-01
                6.604E-01  9.355E-01  4.519E-03  4.389E-03  9.077E-04  4.018E-01
                6.985E-49  1.888E+01  3.200E-04  6.035E-02  2.189E-06  1.190E-07
                9.023E-01  7.894E-03  1.420E+01  4.248E+01  1.201E-01  2.028E-01
                3.497E-04  1.470E-20  1.045E+00  1.427E+01  7.987E+01  9.639E-02
                1.173E-04  3.406E-20  4.373E-03  2.614E-21  6.393E-01  4.065E+01
                2.857E-01  6.465E-02  1.954E-03  2.097E-03  3.541E-01  2.385E-03
                3.378E-01  2.423E-03  1.549E-05  6.552E+01
