           8           2
          17          13         136
   0           1   0           3   0          -1   0          -3   0          -5   0           1   0          -3   0           3   0          -1   0          -3   0          -5   0           1   0           3   0           5   0           7   0           5   0          -3
    0.000000E+00    1.145905E+00    1.161331E+00    1.161421E+00    1.161606E+00
    1.163117E+00    1.173541E+00    1.352519E+00    1.356653E+00    1.356678E+00
    1.356729E+00    1.356986E+00    1.358976E+00    1.358985E+00    1.359001E+00
    1.359135E+00    1.359996E+00
1.14590485E+00  0.000E+00  0.000E+00  0.000E+00  0.000E+00  0.000E+00  0.000E+00
                0.000E+00  0.000E+00  0.000E+00  0.000E+00  0.000E+00  0.000E+00
                0.000E+00  0.000E+00  0.000E+00  0.000E+00  0.000E+00  0.000E+00
                0.000E+00  0.000E+00  0.000E+00  0.000E+00  0.000E+00  0.000E+00
                0.000E+00  0.000E+00  0.000E+00  0.000E+00  0.000E+00  0.000E+00
                0.000E+00  0.000E+00  0.000E+00  0.000E+00  0.000E+00  0.000E+00
                0.000E+00  0.000E+00  0.000E+00  0.000E+00  0.000E+00  0.000E+00
                0.000E+00  0.000E+00  0.000E+00  0.000E+00  0.000E+00  0.000E+00
                0.000E+00  0.000E+00  0.000E+00  0.000E+00  0.000E+00  0.000E+00
                0.000E+00  0.000E+00  0.000E+00  0.000E+00  0.000E+00  0.000E+00
                0.000E+00  0.000E+00  0.000E+00  0.000E+00  0.000E+00  0.000E+00
                0.000E+00  0.000E+00  0.000E+00  0.000E+00  0.000E+00  0.000E+00
                0.000E+00  0.000E+00  0.000E+00  0.000E+00  0.000E+00  0.000E+00
                0.000E+00  0.000E+00  0.000E+00  0.000E+00  0.000E+00  0.000E+00
                0.000E+00  0.000E+00  0.000E+00  0.000E+00  0.000E+00  0.000E+00
                0.000E+00  0.000E+00  0.000E+00  0.000E+00  0.000E+00  0.000E+00
                0.000E+00  0.000E+00  0.000E+00  0.000E+00  0.000E+00  0.000E+00
                0.000E+00  0.000E+00  0.000E+00  0.000E+00  0.000E+00  0.000E+00
                0.000E+00  0.000E+00  0.000E+00  0.000E+00  0.000E+00  0.000E+00
                0.000E+00  0.000E+00  0.000E+00  0.000E+00  0.000E+00  0.000E+00
                0.000E+00  0.000E+00  0.000E+00  0.000E+00  0.000E+00  0.000E+00
                0.000E+00  0.000E+00  0.000E+00  0.000E+00  0.000E+00  0.000E+00
                0.000E+00  0.000E+00  0.000E+00  0.000E+00
1.41649323E+00  2.991E-32  4.884E-64  1.529E-14  2.694E-34  1.083E-09  1.379E-10
                4.463E-28  5.234E-58  1.430E-17  2.039E-29  1.366E-12  2.873E-29
                1.928E-13  1.644E-31  2.819E-11  1.793E-13  2.976E-01  9.162E-01
                1.632E+00  2.875E-22  1.015E-04  7.896E-09  6.950E-08  6.778E-08
                8.015E-08  1.487E-18  9.196E-10  1.437E-08  2.719E-07  9.834E-11
                1.068E-07  4.237E-05  1.331E-03  7.098E-54  4.692E-09  4.304E-07
                1.981E-09  8.662E-10  4.524E-09  3.019E-50  6.001E-07  6.878E-11
                1.083E-07  4.705E-13  6.486E-12  3.030E-03  1.264E-04  1.037E-06
                3.423E-07  1.611E-10  3.086E-09  4.770E-09  8.230E-07  1.095E-07
                4.647E-07  1.846E-07  9.730E-07  1.003E-08  8.142E-25  3.357E-07
                5.969E-07  2.808E-09  5.824E-09  2.973E-08  4.589E-21  2.070E-08
                2.374E-07  2.761E-06  1.624E-09  3.313E-10  1.141E+00  2.227E-18
                4.436E-49  1.351E-07  1.910E-20  2.245E-09  2.416E-21  2.610E-10
                1.263E-22  3.816E-08  2.009E-08  7.202E-07  5.768E-10  6.810E-09
                4.904E-09  8.037E-10  2.733E-07  8.119E-07  3.683E-11  6.982E-07
                1.543E-08  2.007E+00  6.194E+00  1.107E+01  1.084E-20  2.197E-02
                3.943E-02  6.201E-02  2.698E-04  8.091E-04  4.938E-03  1.527E-02
                1.109E-49  3.200E+00  3.365E-05  4.682E-05  2.302E-07  6.451E-07
                4.213E-02  9.068E-04  2.346E+00  7.305E+00  1.709E-04  4.084E-02
                1.320E-05  3.572E-21  1.480E-01  2.288E+00  1.396E+01  1.565E-02
                5.504E-06  4.367E-23  1.857E-04  1.322E-23  2.715E-02  6.942E+00
                9.749E-03  1.061E-03  6.669E-05  3.064E-04  1.171E-02  1.182E-04
                5.021E-02  8.010E-05  2.233E-08  8.702E+00
1.68708161E+00  4.084E-29  1.360E-59  9.533E-13  4.702E-30  1.269E-09  8.598E-09
                2.740E-26  1.189E-56  1.565E-14  1.750E-27  7.834E-10  3.568E-27
                1.821E-11  8.627E-29  2.662E-09  1.184E-10  3.633E-01  1.099E+00
                1.900E+00  3.605E-22  1.219E-04  9.835E-06  1.402E-04  5.502E-04
                1.493E-03  8.442E-19  3.758E-04  9.033E-04  2.108E-03  6.180E-06
                6.776E-08  7.450E-05  2.544E-03  1.851E-52  8.267E-09  6.114E-05
                3.581E-06  8.168E-07  1.330E-04  4.032E-50  1.939E-03  1.253E-07
                7.828E-05  8.574E-10  1.013E-10  5.736E-03  1.338E-04  1.998E-06
                1.566E-04  8.267E-07  7.829E-05  2.712E-04  7.194E-07  1.206E-03
                5.958E-03  1.464E-04  3.328E-05  8.322E-08  5.384E-23  6.384E-07
                1.900E-04  5.478E-05  1.523E-04  2.165E-04  4.548E-21  1.178E-04
                1.498E-03  1.586E-02  1.025E-05  1.735E-08  1.210E+00  1.228E-18
                4.180E-49  5.068E-07  3.394E-20  4.722E-06  3.556E-20  1.185E-05
                6.500E-22  1.732E-03  1.218E-03  9.329E-07  4.496E-10  1.471E-07
                6.663E-08  2.072E-04  6.222E-07  6.356E-05  1.950E-08  1.263E-02
                4.589E-04  2.351E+00  7.046E+00  1.194E+01  4.720E-21  6.297E-02
                1.070E-01  1.553E-01  7.319E-04  9.203E-04  1.803E-03  6.492E-02
                2.415E-49  2.963E+00  6.374E-05  2.012E-03  4.360E-07  2.354E-07
                1.483E-01  8.959E-04  2.199E+00  6.620E+00  4.077E-03  3.323E-02
                5.578E-05  7.132E-21  1.467E-01  2.137E+00  1.233E+01  1.462E-02
                1.935E-05  2.049E-23  6.749E-04  5.731E-23  9.865E-02  6.857E+00
                3.848E-02  4.830E-03  2.633E-04  2.869E-04  4.491E-02  2.055E-04
                4.295E-02  3.073E-04  5.295E-07  8.066E+00
1.95766999E+00  7.853E-27  1.476E-57  4.209E-11  8.517E-28  1.114E-09  3.783E-07
                1.075E-24  1.392E-55  1.050E-13  7.913E-26  1.125E-09  1.932E-25
                2.653E-11  7.200E-27  3.878E-09  2.013E-09  3.724E-01  1.120E+00
                1.915E+00  6.875E-22  1.246E-04  9.186E-05  2.022E-03  7.143E-03
                1.615E-02  5.649E-19  3.544E-03  7.326E-03  1.403E-02  5.012E-05
                5.050E-07  1.054E-04  3.643E-03  2.525E-51  1.171E-08  6.384E-04
                3.230E-05  6.370E-06  8.966E-04  4.554E-50  2.208E-02  1.446E-06
                3.203E-04  9.890E-09  8.116E-10  8.206E-03  1.317E-04  2.852E-06
                1.724E-03  6.388E-06  6.327E-04  1.907E-03  5.395E-07  1.465E-02
                5.915E-02  6.141E-04  2.970E-04  6.046E-07  2.589E-22  9.221E-07
                2.308E-03  5.289E-04  1.350E-03  1.620E-03  5.662E-21  1.103E-03
                1.605E-02  1.352E-01  1.098E-04  1.633E-07  1.195E+00  7.415E-19
                5.043E-49  2.699E-06  4.178E-20  4.359E-05  3.156E-20  8.122E-05
                1.466E-21  1.187E-02  1.357E-02  1.407E-06  1.105E-09  9.525E-07
                3.217E-07  2.401E-03  2.794E-06  6.037E-04  8.166E-08  1.125E-01
                3.490E-03  2.289E+00  6.837E+00  1.149E+01  3.935E-21  1.033E-01
                1.745E-01  2.512E-01  1.194E-03  8.927E-04  1.268E-03  1.088E-01
                3.586E-49  2.883E+00  1.174E-04  6.801E-03  8.031E-07  1.653E-07
                2.459E-01  8.686E-04  2.142E+00  6.418E+00  1.367E-02  3.169E-02
                9.366E-05  1.044E-20  1.522E-01  2.091E+00  1.188E+01  1.431E-02
                3.203E-05  1.300E-21  1.132E-03  1.848E-22  1.655E-01  6.645E+00
                6.564E-02  9.075E-03  4.491E-04  2.788E-04  7.760E-02  3.681E-04
                4.237E-02  5.309E-04  1.773E-06  8.002E+00
2.22825837E+00  2.002E-25  3.735E-56  4.314E-10  1.647E-26  2.585E-09  3.867E-06
                9.638E-24  1.348E-54  3.005E-12  9.968E-25  1.273E-09  1.947E-24
                1.974E-10  1.199E-25  2.885E-08  4.394E-08  3.721E-01  1.117E+00
                1.898E+00  1.107E-21  1.247E-04  2.594E-04  6.883E-03  2.319E-02
                4.819E-02  4.179E-19  9.407E-03  1.826E-02  3.210E-02  1.249E-04
                2.088E-06  1.310E-04  4.690E-03  8.523E-51  1.455E-08  1.847E-03
                8.921E-05  1.597E-05  2.050E-03  4.952E-50  6.604E-02  4.292E-06
                6.187E-04  2.936E-08  2.063E-09  1.058E-02  1.293E-04  3.657E-06
                5.125E-03  1.599E-05  1.581E-03  4.450E-03  5.710E-07  4.522E-02
                1.677E-01  1.204E-03  8.289E-04  1.473E-06  4.391E-22  1.199E-06
                7.249E-03  1.410E-03  3.483E-03  3.918E-03  7.010E-21  3.263E-03
                4.774E-02  3.608E-01  3.266E-04  4.274E-07  1.179E+00  5.017E-19
                6.673E-49  6.836E-06  5.024E-20  1.209E-04  2.485E-20  1.853E-04
                2.259E-21  2.708E-02  4.033E-02  2.171E-06  2.124E-09  2.218E-06
                6.956E-07  7.207E-03  6.970E-06  1.640E-03  1.629E-07  3.020E-01
                8.320E-03  2.248E+00  6.706E+00  1.121E+01  4.117E-21  1.414E-01
                2.377E-01  3.403E-01  1.626E-03  8.751E-04  1.158E-03  1.482E-01
                4.499E-49  2.843E+00  1.749E-04  1.323E-02  1.197E-06  1.511E-07
                3.342E-01  8.537E-04  2.113E+00  6.319E+00  2.649E-02  3.102E-02
                1.280E-04  1.307E-20  1.618E-01  2.073E+00  1.165E+01  1.418E-02
                4.348E-05  5.873E-21  1.557E-03  4.572E-22  2.276E-01  6.527E+00
                9.118E-02  1.409E-02  6.238E-04  2.742E-04  1.090E-01  5.579E-04
                4.216E-02  7.459E-04  3.431E-06  7.966E+00
2.49884675E+00  1.643E-24  3.090E-55  2.124E-09  1.159E-25  8.350E-09  1.899E-05
                4.204E-23  6.990E-54  3.351E-11  5.376E-24  1.248E-09  9.191E-24
                1.283E-09  7.674E-25  1.875E-07  4.048E-07  3.702E-01  1.109E+00
                1.878E+00  1.442E-21  1.243E-04  4.639E-04  1.385E-02  4.542E-02
                8.996E-02  3.264E-19  1.615E-02  3.028E-02  5.069E-02  2.071E-04
                4.522E-06  1.477E-04  5.728E-03  1.716E-50  1.640E-08  3.365E-03
                1.574E-04  2.620E-05  3.238E-03  5.384E-50  1.227E-01  7.883E-06
                9.439E-04  5.393E-08  3.401E-09  1.293E-02  1.274E-04  4.460E-06
                9.488E-03  2.621E-05  2.631E-03  7.113E-03  7.885E-07  8.554E-02
                3.027E-01  1.853E-03  1.490E-03  2.392E-06  5.598E-22  1.475E-06
                1.386E-02  2.434E-03  5.900E-03  6.389E-03  8.309E-21  6.170E-03
                8.871E-02  6.303E-01  6.069E-04  7.271E-07  1.166E+00  3.633E-19
                8.568E-49  1.186E-05  5.966E-20  2.131E-04  1.929E-20  2.907E-04
                3.078E-21  4.250E-02  7.453E-02  3.018E-06  3.154E-09  3.554E-06
                1.084E-06  1.333E-02  1.214E-05  2.869E-03  2.540E-07  5.265E-01
                1.337E-02  2.210E+00  6.589E+00  1.098E+01  4.323E-21  1.751E-01
                2.933E-01  4.181E-01  2.007E-03  8.595E-04  1.123E-03  1.821E-01
                5.275E-49  2.811E+00  2.277E-04  2.015E-02  1.558E-06  1.465E-07
                4.101E-01  8.404E-04  2.089E+00  6.241E+00  4.024E-02  3.056E-02
                1.576E-04  1.479E-20  1.724E-01  2.060E+00  1.146E+01  1.410E-02
                5.330E-05  1.234E-20  1.932E-03  8.459E-22  2.824E-01  6.422E+00
                1.146E-01  1.967E-02  7.843E-04  2.703E-04  1.384E-01  7.624E-04
                4.196E-02  9.466E-04  5.209E-06  7.921E+00
2.76943513E+00  7.130E-24  1.356E-54  6.913E-09  4.675E-25  2.372E-08  6.169E-05
                1.224E-22  2.406E-53  1.774E-10  1.810E-23  3.055E-09  2.843E-23
                5.084E-09  2.892E-24  7.431E-07  1.959E-06  3.683E-01  1.102E+00
                1.862E+00  1.645E-21  1.239E-04  6.642E-04  2.164E-02  6.971E-02
                1.338E-01  2.632E-19  2.272E-02  4.164E-02  6.751E-02  2.848E-04
                7.300E-06  1.579E-04  6.770E-03  2.643E-50  1.753E-08  4.905E-03
                2.236E-04  3.503E-05  4.311E-03  5.784E-50  1.815E-01  1.154E-05
                1.294E-03  7.892E-08  4.558E-09  1.529E-02  1.260E-04  5.267E-06
                1.398E-02  3.503E-05  3.621E-03  9.548E-03  1.094E-06  1.281E-01
                4.400E-01  2.556E-03  2.165E-03  3.226E-06  6.587E-22  1.752E-06
                2.086E-02  3.436E-03  8.230E-03  8.663E-03  9.359E-21  9.351E-03
                1.315E-01  8.973E-01  8.994E-04  1.015E-06  1.157E+00  2.752E-19
                1.043E-48  1.690E-05  6.938E-20  3.031E-04  1.504E-20  3.849E-04
                3.967E-21  5.626E-02  1.097E-01  3.819E-06  4.017E-09  4.779E-06
                1.438E-06  1.956E-02  1.744E-05  4.074E-03  3.526E-07  7.467E-01
                1.793E-02  2.170E+00  6.463E+00  1.074E+01  4.379E-21  2.034E-01
                3.397E-01  4.828E-01  2.324E-03  8.426E-04  1.106E-03  2.100E-01
                5.783E-49  2.775E+00  2.695E-04  2.697E-02  1.844E-06  1.444E-07
                4.722E-01  8.256E-04  2.063E+00  6.157E+00  5.376E-02  3.013E-02
                1.820E-04  1.573E-20  1.826E-01  2.044E+00  1.126E+01  1.399E-02
                6.133E-05  1.882E-20  2.245E-03  1.271E-21  3.281E-01  6.305E+00
                1.356E-01  2.545E-02  9.277E-04  2.662E-04  1.649E-01  9.691E-04
                4.166E-02  1.128E-03  6.955E-06  7.853E+00
3.04002351E+00  2.115E-23  4.179E-54  1.725E-08  1.344E-24  5.406E-08  1.537E-04
                2.745E-22  6.545E-53  6.053E-10  4.528E-23  8.556E-09  6.693E-23
                1.406E-08  7.813E-24  2.055E-06  6.365E-06  3.666E-01  1.096E+00
                1.848E+00  1.734E-21  1.235E-04  8.401E-04  2.934E-02  9.332E-02
                1.751E-01  2.166E-19  2.873E-02  5.180E-02  8.207E-02  3.544E-04
                1.006E-05  1.631E-04  7.812E-03  3.612E-50  1.810E-08  6.310E-03
                2.815E-04  4.191E-05  5.233E-03  6.221E-50  2.368E-01  1.489E-05
                1.666E-03  1.019E-07  5.460E-09  1.766E-02  1.249E-04  6.079E-06
                1.813E-02  4.191E-05  4.495E-03  1.166E-02  1.416E-06  1.684E-01
                5.670E-01  3.305E-03  2.790E-03  3.942E-06  7.656E-22  2.029E-06
                2.746E-02  4.355E-03  1.034E-02  1.062E-02  1.009E-20  1.250E-02
                1.717E-01  1.139E+00  1.175E-03  1.274E-06  1.151E+00  2.154E-19
                1.235E-48  2.150E-05  7.895E-20  3.849E-04  1.182E-20  4.657E-04
                4.908E-21  6.807E-02  1.421E-01  4.515E-06  4.671E-09  5.842E-06
                1.746E-06  2.523E-02  2.237E-05  5.155E-03  4.567E-07  9.446E-01
                2.182E-02  2.123E+00  6.321E+00  1.048E+01  4.301E-21  2.261E-01
                3.768E-01  5.345E-01  2.578E-03  8.238E-04  1.085E-03  2.319E-01
                6.116E-49  2.733E+00  2.991E-04  3.329E-02  2.046E-06  1.419E-07
                5.210E-01  8.085E-04  2.032E+00  6.062E+00  6.628E-02  2.965E-02
                2.011E-04  1.608E-20  1.916E-01  2.023E+00  1.105E+01  1.384E-02
                6.763E-05  2.425E-20  2.495E-03  1.667E-21  3.647E-01  6.172E+00
                1.538E-01  3.111E-02  1.052E-03  2.617E-04  1.884E-01  1.168E-03
                4.122E-02  1.289E-03  8.568E-06  7.760E+00
3.31061189E+00  4.895E-23  1.008E-53  3.583E-08  3.081E-24  1.042E-07  3.188E-04
                5.136E-22  1.522E-52  1.570E-09  9.239E-23  1.907E-08  1.304E-22
                3.071E-08  1.684E-23  4.490E-06  1.600E-05  3.652E-01  1.092E+00
                1.837E+00  1.741E-21  1.233E-04  9.883E-04  3.645E-02  1.148E-01
                2.118E-01  1.809E-19  3.409E-02  6.072E-02  9.451E-02  4.154E-04
                1.261E-05  1.645E-04  8.855E-03  4.547E-50  1.825E-08  7.515E-03
                3.293E-04  4.695E-05  6.008E-03  6.612E-50  2.860E-01  1.781E-05
                2.055E-03  1.218E-07  6.122E-09  2.002E-02  1.242E-04  6.891E-06
                2.173E-02  4.694E-05  5.244E-03  1.344E-02  1.714E-06  2.047E-01
                6.786E-01  4.089E-03  3.342E-03  4.541E-06  8.926E-22  2.305E-06
                3.329E-02  5.170E-03  1.218E-02  1.226E-02  1.050E-20  1.548E-02
                2.077E-01  1.349E+00  1.421E-03  1.500E-06  1.146E+00  1.728E-19
                1.415E-48  2.547E-05  8.804E-20  4.606E-04  9.366E-21  5.343E-04
                5.867E-21  7.809E-02  1.704E-01  5.089E-06  5.135E-09  6.740E-06
                2.006E-06  3.005E-02  2.674E-05  6.083E-03  5.642E-07  1.114E+00
                2.504E-02  2.072E+00  6.165E+00  1.020E+01  4.135E-21  2.437E-01
                4.054E-01  5.745E-01  2.774E-03  8.032E-04  1.055E-03  2.485E-01
                6.263E-49  2.685E+00  3.173E-04  3.892E-02  2.171E-06  1.381E-07
                5.579E-01  7.894E-04  1.996E+00  5.954E+00  7.741E-02  2.913E-02
                2.156E-04  1.605E-20  1.991E-01  1.996E+00  1.082E+01  1.365E-02
                7.240E-05  2.830E-20  2.689E-03  1.997E-21  3.931E-01  6.023E+00
                1.694E-01  3.646E-02  1.159E-03  2.566E-04  2.088E-01  1.354E-03
                4.066E-02  1.428E-03  1.000E-05  7.644E+00
3.58120026E+00  9.537E-23  2.039E-53  6.516E-08  6.017E-24  1.781E-07  5.791E-04
                8.434E-22  3.110E-52  3.379E-09  1.631E-22  3.646E-08  2.217E-22
                5.719E-08  3.095E-23  8.360E-06  3.370E-05  3.641E-01  1.088E+00
                1.829E+00  1.694E-21  1.231E-04  1.117E-03  4.276E-02  1.336E-01
                2.431E-01  1.528E-19  3.884E-02  6.852E-02  1.051E-01  4.688E-04
                1.486E-05  1.636E-04  9.894E-03  5.394E-50  1.815E-08  8.503E-03
                3.686E-04  5.045E-05  6.652E-03  6.981E-50  3.285E-01  2.024E-05
                2.455E-03  1.385E-07  6.584E-09  2.237E-02  1.236E-04  7.701E-06
                2.471E-02  5.044E-05  5.878E-03  1.493E-02  1.972E-06  2.363E-01
                7.741E-01  4.894E-03  3.816E-03  5.037E-06  1.041E-21  2.580E-06
                3.822E-02  5.882E-03  1.378E-02  1.362E-02  1.065E-20  1.821E-02
                2.390E-01  1.526E+00  1.635E-03  1.693E-06  1.143E+00  1.414E-19
                1.583E-48  2.878E-05  9.647E-20  5.370E-04  7.487E-21  5.927E-04
                6.810E-21  8.663E-02  1.940E-01  5.544E-06  5.445E-09  7.487E-06
                2.222E-06  3.398E-02  3.051E-05  6.859E-03  6.731E-07  1.257E+00
                2.769E-02  2.017E+00  5.997E+00  9.905E+00  3.924E-21  2.569E-01
                4.268E-01  6.045E-01  2.920E-03  7.811E-04  1.016E-03  2.606E-01
                6.327E-49  2.632E+00  3.260E-04  4.379E-02  2.230E-06  1.331E-07
                5.849E-01  7.686E-04  1.957E+00  5.835E+00  8.707E-02  2.855E-02
                2.261E-04  1.577E-20  2.050E-01  1.963E+00  1.057E+01  1.343E-02
                7.586E-05  3.099E-20  2.833E-03  2.250E-21  4.141E-01  5.863E+00
                1.824E-01  4.138E-02  1.248E-03  2.512E-04  2.262E-01  1.524E-03
                3.999E-02  1.548E-03  1.124E-05  7.509E+00
3.85178864E+00  1.638E-22  3.698E-53  1.072E-07  1.043E-23  2.786E-07  9.522E-04
                1.257E-21  5.945E-52  6.360E-09  2.586E-22  6.222E-08  3.404E-22
                9.504E-08  5.058E-23  1.389E-05  6.241E-05  3.633E-01  1.085E+00
                1.822E+00  1.615E-21  1.229E-04  1.239E-03  4.819E-02  1.496E-01
                2.692E-01  1.304E-19  4.306E-02  7.535E-02  1.143E-01  5.155E-04
                1.679E-05  1.611E-04  1.093E-02  6.204E-50  1.787E-08  9.285E-03
                4.020E-04  5.275E-05  7.182E-03  7.282E-50  3.646E-01  2.222E-05
                2.861E-03  1.520E-07  6.889E-09  2.471E-02  1.231E-04  8.505E-06
                2.711E-02  5.273E-05  6.416E-03  1.616E-02  2.185E-06  2.632E-01
                8.545E-01  5.710E-03  4.216E-03  5.442E-06  1.206E-21  2.852E-06
                4.226E-02  6.496E-03  1.513E-02  1.475E-02  1.060E-20  2.069E-02
                2.657E-01  1.672E+00  1.817E-03  1.857E-06  1.140E+00  1.176E-19
                1.750E-48  3.147E-05  1.041E-19  6.225E-04  6.029E-21  6.427E-04
                7.709E-21  9.395E-02  2.134E-01  5.892E-06  5.636E-09  8.103E-06
                2.400E-06  3.705E-02  3.371E-05  7.499E-03  7.817E-07  1.374E+00
                2.987E-02  1.959E+00  5.821E+00  9.601E+00  3.695E-21  2.664E-01
                4.420E-01  6.260E-01  3.024E-03  7.581E-04  9.715E-04  2.690E-01
                6.343E-49  2.575E+00  3.270E-04  4.794E-02  2.237E-06  1.273E-07
                6.036E-01  7.467E-04  1.914E+00  5.706E+00  9.532E-02  2.793E-02
                2.334E-04  1.534E-20  2.094E-01  1.927E+00  1.031E+01  1.318E-02
                7.826E-05  3.253E-20  2.936E-03  2.430E-21  4.292E-01  5.695E+00
                1.931E-01  4.582E-02  1.321E-03  2.453E-04  2.410E-01  1.675E-03
                3.923E-02  1.649E-03  1.230E-05  7.358E+00
4.12237702E+00  2.560E-22  6.139E-53  1.635E-07  1.649E-23  4.063E-07  1.451E-03
                1.740E-21  1.047E-51  1.082E-08  3.786E-22  9.744E-08  4.841E-22
                1.451E-07  7.572E-23  2.120E-05  1.049E-04  3.625E-01  1.083E+00
                1.816E+00  1.518E-21  1.227E-04  1.372E-03  5.278E-02  1.630E-01
                2.905E-01  1.121E-19  4.681E-02  8.135E-02  1.222E-01  5.566E-04
                1.841E-05  1.577E-04  1.195E-02  6.947E-50  1.749E-08  9.882E-03
                4.331E-04  5.412E-05  7.613E-03  7.577E-50  3.950E-01  2.378E-05
                3.266E-03  1.627E-07  7.075E-09  2.701E-02  1.228E-04  9.299E-06
                2.896E-02  5.410E-05  6.876E-03  1.717E-02  2.353E-06  2.860E-01
                9.214E-01  6.523E-03  4.550E-03  5.770E-06  1.382E-21  3.120E-06
                4.545E-02  7.020E-03  1.628E-02  1.569E-02  1.039E-20  2.292E-02
                2.882E-01  1.793E+00  1.971E-03  1.993E-06  1.138E+00  9.917E-20
                1.902E-48  3.362E-05  1.110E-19  7.260E-04  4.888E-21  6.858E-04
                8.541E-21  1.002E-01  2.288E-01  6.144E-06  5.738E-09  8.603E-06
                2.544E-06  3.937E-02  3.639E-05  8.021E-03  8.887E-07  1.470E+00
                3.165E-02  1.899E+00  5.641E+00  9.292E+00  3.463E-21  2.728E-01
                4.524E-01  6.406E-01  3.095E-03  7.343E-04  9.228E-04  2.744E-01
                6.269E-49  2.514E+00  3.220E-04  5.142E-02  2.203E-06  1.210E-07
                6.157E-01  7.240E-04  1.868E+00  5.570E+00  1.023E-01  2.728E-02
                2.381E-04  1.483E-20  2.125E-01  1.887E+00  1.004E+01  1.291E-02
                7.981E-05  3.316E-20  3.005E-03  2.545E-21  4.393E-01  5.520E+00
                2.019E-01  4.978E-02  1.381E-03  2.392E-04  2.533E-01  1.809E-03
                3.839E-02  1.733E-03  1.319E-05  7.194E+00
1.00000000E+06  0.000E+00  0.000E+00  1.357E-04  0.000E+00  0.000E+00  1.190E+00
                0.000E+00  0.000E+00  2.603E-05  0.000E+00  0.000E+00  0.000E+00
                0.000E+00  0.000E+00  0.000E+00  2.296E-01  4.044E+00  1.213E+01
                2.023E+01  0.000E+00  1.388E-03  0.000E+00  9.853E-01  2.953E+00
                4.912E+00  0.000E+00  0.000E+00  0.000E+00  0.000E+00  0.000E+00
                3.400E-04  0.000E+00  0.000E+00  0.000E+00  0.000E+00  1.680E-01
                0.000E+00  0.000E+00  0.000E+00  0.000E+00  6.442E+00  0.000E+00
                0.000E+00  0.000E+00  0.000E+00  0.000E+00  1.367E-03  0.000E+00
                5.069E-01  0.000E+00  0.000E+00  0.000E+00  3.512E-05  4.836E+00
                1.444E+01  0.000E+00  7.170E-02  0.000E+00  0.000E+00  0.000E+00
                8.547E-01  0.000E+00  0.000E+00  0.000E+00  0.000E+00  3.231E-01
                4.813E+00  2.714E+01  3.293E-02  0.000E+00  1.280E+01  0.000E+00
                0.000E+00  5.699E-04  0.000E+00  0.000E+00  0.000E+00  0.000E+00
                0.000E+00  0.000E+00  3.925E+00  1.100E-04  0.000E+00  0.000E+00
                0.000E+00  7.140E-01  6.171E-04  1.200E-01  0.000E+00  2.218E+01
                0.000E+00  2.537E+01  7.611E+01  1.268E+02  0.000E+00  0.000E+00
                0.000E+00  0.000E+00  0.000E+00  9.893E-03  0.000E+00  0.000E+00
                0.000E+00  3.253E+01  0.000E+00  0.000E+00  0.000E+00  0.000E+00
                0.000E+00  9.757E-03  2.439E+01  7.282E+01  0.000E+00  3.512E-01
                0.000E+00  0.000E+00  1.625E+00  2.421E+01  1.365E+02  1.656E-01
                0.000E+00  0.000E+00  0.000E+00  0.000E+00  0.000E+00  7.425E+01
                0.000E+00  0.000E+00  0.000E+00  3.101E-03  0.000E+00  0.000E+00
                4.978E-01  0.000E+00  0.000E+00  9.410E+01
