           8           2
          17          13         136
   0           1   0           3   0          -1   0          -3   0          -5   0           1   0          -3   0           3   0          -1   0          -3   0          -5   0           1   0           3   0           5   0           7   0           5   0          -3
    0.000000E+00    1.145905E+00    1.161331E+00    1.161421E+00    1.161606E+00
    1.163117E+00    1.173541E+00    1.352519E+00    1.356653E+00    1.356678E+00
    1.356729E+00    1.356986E+00    1.358976E+00    1.358985E+00    1.359001E+00
    1.359135E+00    1.359996E+00
1.17972840E+00  6.926E-38  2.301E-68  9.573E-22  4.540E-39  5.558E-16  8.641E-18
                0.000E+00  0.000E+00  0.000E+00  0.000E+00  0.000E+00  0.000E+00
                0.000E+00  0.000E+00  0.000E+00  0.000E+00  2.548E-03  1.053E-02
                3.076E-02  9.062E-22  1.166E-06  0.000E+00  0.000E+00  0.000E+00
                0.000E+00  0.000E+00  0.000E+00  0.000E+00  0.000E+00  0.000E+00
                0.000E+00  1.874E-08  1.584E-04  9.570E-54  2.076E-12  0.000E+00
                0.000E+00  0.000E+00  0.000E+00  0.000E+00  0.000E+00  0.000E+00
                0.000E+00  0.000E+00  0.000E+00  3.647E-04  8.182E-07  9.112E-08
                0.000E+00  0.000E+00  0.000E+00  0.000E+00  0.000E+00  0.000E+00
                0.000E+00  0.000E+00  0.000E+00  0.000E+00  1.291E-23  4.040E-08
                0.000E+00  0.000E+00  0.000E+00  0.000E+00  0.000E+00  0.000E+00
                0.000E+00  0.000E+00  0.000E+00  0.000E+00  7.386E-03  0.000E+00
                0.000E+00  0.000E+00  0.000E+00  0.000E+00  0.000E+00  0.000E+00
                0.000E+00  0.000E+00  0.000E+00  0.000E+00  0.000E+00  0.000E+00
                0.000E+00  0.000E+00  0.000E+00  0.000E+00  0.000E+00  0.000E+00
                0.000E+00  0.000E+00  0.000E+00  0.000E+00  0.000E+00  0.000E+00
                0.000E+00  0.000E+00  0.000E+00  0.000E+00  0.000E+00  0.000E+00
                0.000E+00  0.000E+00  0.000E+00  0.000E+00  0.000E+00  0.000E+00
                0.000E+00  0.000E+00  0.000E+00  0.000E+00  0.000E+00  0.000E+00
                0.000E+00  0.000E+00  0.000E+00  0.000E+00  0.000E+00  0.000E+00
                0.000E+00  0.000E+00  0.000E+00  0.000E+00  0.000E+00  0.000E+00
                0.000E+00  0.000E+00  0.000E+00  0.000E+00  0.000E+00  0.000E+00
                0.000E+00  0.000E+00  0.000E+00  0.000E+00
1.45031678E+00  2.043E-30  4.298E-62  2.103E-14  2.192E-32  1.115E-09  1.896E-10
                4.899E-28  3.407E-57  5.317E-16  1.197E-28  1.035E-11  5.231E-29
                3.155E-12  2.652E-30  4.611E-10  4.151E-12  3.145E-01  9.645E-01
                1.706E+00  2.906E-22  1.068E-04  3.458E-08  1.310E-07  3.027E-07
                7.141E-07  1.399E-18  9.342E-08  6.922E-07  4.672E-06  4.735E-09
                1.111E-07  4.713E-05  1.493E-03  7.109E-54  5.219E-09  4.811E-07
                2.838E-09  2.086E-09  9.647E-08  3.247E-50  8.205E-07  4.876E-10
                7.669E-07  3.336E-12  7.250E-12  3.391E-03  1.293E-04  1.167E-06
                4.030E-07  1.755E-09  3.799E-08  1.836E-07  8.555E-07  3.357E-07
                3.902E-06  1.377E-06  1.012E-06  1.243E-08  9.600E-25  3.757E-07
                7.142E-07  1.685E-08  5.615E-08  5.941E-07  4.459E-21  2.906E-07
                1.585E-06  2.413E-05  1.084E-08  3.681E-10  1.167E+00  2.170E-18
                4.492E-49  1.408E-07  2.272E-20  1.081E-08  1.082E-20  1.072E-08
                1.414E-22  1.567E-06  5.445E-07  8.041E-07  5.227E-10  8.109E-09
                6.643E-09  4.333E-08  2.769E-07  7.127E-07  1.788E-10  1.276E-05
                2.454E-07  2.268E+00  6.909E+00  1.209E+01  1.002E-20  2.772E-02
                4.862E-02  7.394E-02  3.326E-04  9.025E-04  4.432E-03  2.176E-02
                1.319E-49  3.196E+00  3.335E-05  7.233E-05  2.281E-07  5.789E-07
                5.600E-02  9.435E-04  2.354E+00  7.238E+00  2.218E-04  3.906E-02
                1.879E-05  3.965E-21  1.503E-01  2.289E+00  1.371E+01  1.566E-02
                7.315E-06  4.987E-23  2.511E-04  1.501E-23  3.670E-02  7.223E+00
                1.341E-02  1.516E-03  9.174E-05  3.075E-04  1.603E-02  1.138E-04
                4.717E-02  1.096E-04  2.897E-08  8.446E+00
1.72090516E+00  8.028E-29  1.982E-59  1.697E-12  1.100E-29  1.236E-09  1.529E-08
                4.773E-26  1.257E-56  1.757E-14  2.912E-27  8.757E-10  6.584E-27
                1.865E-11  1.600E-28  2.726E-09  1.444E-10  3.657E-01  1.105E+00
                1.907E+00  3.880E-22  1.226E-04  1.477E-05  2.300E-04  8.850E-04
                2.323E-03  7.963E-19  5.759E-04  1.343E-03  3.020E-03  9.190E-06
                7.154E-08  7.842E-05  2.685E-03  2.968E-52  8.702E-09  9.472E-05
                5.367E-06  1.193E-06  1.912E-04  4.111E-50  3.061E-03  1.982E-07
                1.021E-04  1.356E-09  1.483E-10  6.050E-03  1.337E-04  2.107E-06
                2.450E-04  1.205E-06  1.165E-04  3.931E-04  6.909E-07  1.926E-03
                9.145E-03  1.918E-04  4.950E-05  1.185E-07  7.446E-23  6.741E-07
                3.015E-04  8.459E-05  2.311E-04  3.170E-04  4.655E-21  1.759E-04
                2.322E-03  2.360E-02  1.589E-05  2.667E-08  1.209E+00  1.143E-18
                4.262E-49  6.559E-07  3.499E-20  7.084E-06  3.570E-20  1.711E-05
                7.457E-22  2.502E-03  1.911E-03  9.691E-07  4.969E-10  2.070E-07
                8.745E-08  3.280E-04  7.687E-07  9.732E-05  2.545E-08  1.900E-02
                6.772E-04  2.342E+00  7.012E+00  1.186E+01  4.478E-21  6.804E-02
                1.155E-01  1.674E-01  7.901E-04  9.158E-04  1.678E-03  7.060E-02
                2.558E-49  2.948E+00  7.021E-05  2.489E-03  4.803E-07  2.191E-07
                1.609E-01  8.909E-04  2.188E+00  6.582E+00  5.029E-03  3.293E-02
                6.066E-05  7.550E-21  1.470E-01  2.127E+00  1.225E+01  1.455E-02
                2.099E-05  3.413E-23  7.331E-04  6.670E-23  1.072E-01  6.819E+00
                4.195E-02  5.316E-03  2.870E-04  2.855E-04  4.904E-02  2.238E-04
                4.281E-02  3.355E-04  6.530E-07  8.052E+00
1.99149354E+00  1.283E-26  2.451E-57  5.984E-11  1.341E-27  1.183E-09  5.377E-07
                1.506E-24  1.908E-55  1.638E-13  1.166E-25  1.070E-09  2.762E-25
                3.231E-11  1.109E-26  4.722E-09  3.094E-09  3.726E-01  1.120E+00
                1.914E+00  7.399E-22  1.247E-04  1.089E-04  2.471E-03  8.662E-03
                1.931E-02  5.417E-19  4.169E-03  8.527E-03  1.611E-02  5.834E-05
                6.400E-07  1.091E-04  3.774E-03  3.100E-51  1.211E-08  7.602E-04
                3.818E-05  7.426E-06  1.029E-03  4.633E-50  2.644E-02  1.731E-06
                3.558E-04  1.184E-08  9.485E-10  8.503E-03  1.314E-04  2.954E-06
                2.062E-03  7.444E-06  7.367E-04  2.195E-03  5.305E-07  1.763E-02
                7.019E-02  6.837E-04  3.512E-04  7.016E-07  2.852E-22  9.566E-07
                2.784E-03  6.227E-04  1.581E-03  1.876E-03  5.823E-21  1.314E-03
                1.919E-02  1.588E-01  1.313E-04  1.917E-07  1.193E+00  7.027E-19
                5.205E-49  3.128E-06  4.277E-20  5.158E-05  3.071E-20  9.323E-05
                1.565E-21  1.363E-02  1.624E-02  1.492E-06  1.222E-09  1.096E-06
                3.647E-07  2.878E-03  3.224E-06  7.121E-04  9.111E-08  1.323E-01
                4.036E-03  2.283E+00  6.819E+00  1.145E+01  3.939E-21  1.083E-01
                1.827E-01  2.628E-01  1.250E-03  8.902E-04  1.243E-03  1.140E-01
                3.717E-49  2.877E+00  1.243E-04  7.538E-03  8.503E-07  1.622E-07
                2.575E-01  8.664E-04  2.138E+00  6.403E+00  1.514E-02  3.158E-02
                9.819E-05  1.081E-20  1.533E-01  2.088E+00  1.185E+01  1.429E-02
                3.354E-05  1.699E-21  1.187E-03  2.103E-22  1.736E-01  6.628E+00
                6.894E-02  9.664E-03  4.717E-04  2.782E-04  8.162E-02  3.908E-04
                4.234E-02  5.584E-04  1.963E-06  7.997E+00
2.26208192E+00  2.734E-25  5.086E-56  5.430E-10  2.193E-26  2.953E-09  4.867E-06
                1.194E-23  1.734E-54  4.280E-12  1.275E-24  1.297E-09  2.439E-24
                2.560E-10  1.573E-25  3.742E-08  6.062E-08  3.719E-01  1.116E+00
                1.895E+00  1.156E-21  1.246E-04  2.840E-04  7.667E-03  2.572E-02
                5.306E-02  4.042E-19  1.023E-02  1.975E-02  3.447E-02  1.351E-04
                2.357E-06  1.336E-04  4.820E-03  9.475E-51  1.484E-08  2.027E-03
                9.747E-05  1.726E-05  2.202E-03  5.025E-50  7.268E-02  4.717E-06
                6.579E-04  3.227E-08  2.231E-09  1.087E-02  1.290E-04  3.757E-06
                5.638E-03  1.728E-05  1.712E-03  4.787E-03  5.900E-07  4.991E-02
                1.838E-01  1.282E-03  9.074E-04  1.589E-06  4.568E-22  1.233E-06
                8.014E-03  1.535E-03  3.781E-03  4.228E-03  7.180E-21  3.597E-03
                5.254E-02  3.933E-01  3.594E-04  4.643E-07  1.177E+00  4.804E-19
                6.901E-49  7.437E-06  5.138E-20  1.321E-04  2.407E-20  1.988E-04
                2.358E-21  2.906E-02  4.436E-02  2.276E-06  2.257E-09  2.387E-06
                7.448E-07  7.930E-03  7.584E-06  1.789E-03  1.738E-07  3.292E-01
                8.963E-03  2.243E+00  6.691E+00  1.118E+01  4.149E-21  1.459E-01
                2.451E-01  3.507E-01  1.677E-03  8.731E-04  1.153E-03  1.528E-01
                4.636E-49  2.839E+00  1.821E-04  1.408E-02  1.246E-06  1.503E-07
                3.444E-01  8.520E-04  2.110E+00  6.309E+00  2.819E-02  3.096E-02
                1.319E-04  1.334E-20  1.631E-01  2.072E+00  1.162E+01  1.417E-02
                4.480E-05  6.622E-21  1.607E-03  5.011E-22  2.349E-01  6.514E+00
                9.421E-02  1.476E-02  6.445E-04  2.737E-04  1.128E-01  5.828E-04
                4.214E-02  7.719E-04  3.651E-06  7.961E+00
2.53267030E+00  2.030E-24  3.780E-55  2.507E-09  1.414E-25  9.615E-09  2.241E-05
                4.890E-23  8.312E-54  4.270E-11  6.386E-24  1.323E-09  1.078E-23
                1.562E-09  9.268E-25  2.284E-07  5.080E-07  3.700E-01  1.108E+00
                1.876E+00  1.474E-21  1.242E-04  4.898E-04  1.481E-02  4.842E-02
                9.545E-02  3.173E-19  1.700E-02  3.175E-02  5.291E-02  2.172E-04
                4.860E-06  1.494E-04  5.858E-03  1.808E-50  1.659E-08  3.561E-03
                1.660E-04  2.740E-05  3.380E-03  5.406E-50  1.301E-01  8.346E-06
                9.862E-04  5.710E-08  3.559E-09  1.323E-02  1.272E-04  4.561E-06
                1.006E-02  2.741E-05  2.760E-03  7.434E-03  8.237E-07  9.085E-02
                3.201E-01  1.938E-03  1.576E-03  2.502E-06  5.725E-22  1.509E-06
                1.474E-02  2.562E-03  6.201E-03  6.688E-03  8.456E-21  6.561E-03
                9.408E-02  6.645E-01  6.436E-04  7.643E-07  1.165E+00  3.502E-19
                8.777E-49  1.250E-05  6.087E-20  2.247E-04  1.869E-20  3.032E-04
                3.186E-21  4.432E-02  7.897E-02  3.123E-06  3.273E-09  3.715E-06
                1.130E-06  1.412E-02  1.281E-05  3.024E-03  2.659E-07  5.548E-01
                1.398E-02  2.206E+00  6.574E+00  1.095E+01  4.339E-21  1.789E-01
                2.996E-01  4.270E-01  2.050E-03  8.574E-04  1.120E-03  1.860E-01
                5.339E-49  2.806E+00  2.336E-04  2.102E-02  1.598E-06  1.462E-07
                4.186E-01  8.387E-04  2.086E+00  6.231E+00  4.196E-02  3.051E-02
                1.609E-04  1.495E-20  1.737E-01  2.059E+00  1.143E+01  1.408E-02
                5.440E-05  1.318E-20  1.974E-03  8.986E-22  2.886E-01  6.408E+00
                1.174E-01  2.039E-02  8.032E-04  2.698E-04  1.418E-01  7.883E-04
                4.193E-02  9.704E-04  5.431E-06  7.913E+00
2.80325868E+00  8.310E-24  1.595E-54  7.846E-09  5.417E-25  2.658E-08  7.000E-05
                1.370E-22  2.737E-53  2.110E-10  2.058E-23  3.525E-09  3.204E-23
                5.870E-09  3.325E-24  8.580E-07  2.312E-06  3.680E-01  1.101E+00
                1.860E+00  1.662E-21  1.238E-04  6.877E-04  2.262E-02  7.274E-02
                1.392E-01  2.566E-19  2.351E-02  4.298E-02  6.945E-02  2.940E-04
                7.652E-06  1.586E-04  6.899E-03  2.762E-50  1.761E-08  5.090E-03
                2.314E-04  3.600E-05  4.435E-03  5.855E-50  1.887E-01  1.198E-05
                1.339E-03  8.193E-08  4.685E-09  1.559E-02  1.258E-04  5.368E-06
                1.453E-02  3.600E-05  3.737E-03  9.830E-03  1.135E-06  1.333E-01
                4.566E-01  2.647E-03  2.246E-03  3.323E-06  6.712E-22  1.786E-06
                2.172E-02  3.556E-03  8.507E-03  8.926E-03  9.468E-21  9.751E-03
                1.367E-01  9.292E-01  9.351E-04  1.049E-06  1.156E+00  2.665E-19
                1.067E-48  1.751E-05  7.059E-20  3.138E-04  1.458E-20  3.957E-04
                4.083E-21  5.784E-02  1.139E-01  3.912E-06  4.110E-09  4.921E-06
                1.479E-06  2.031E-02  1.808E-05  4.217E-03  3.653E-07  7.729E-01
                1.846E-02  2.164E+00  6.446E+00  1.071E+01  4.376E-21  2.065E-01
                3.448E-01  4.900E-01  2.359E-03  8.404E-04  1.103E-03  2.130E-01
                5.824E-49  2.770E+00  2.739E-04  2.780E-02  1.874E-06  1.441E-07
                4.790E-01  8.236E-04  2.059E+00  6.146E+00  5.539E-02  3.007E-02
                1.846E-04  1.580E-20  1.838E-01  2.042E+00  1.124E+01  1.397E-02
                6.221E-05  1.957E-20  2.279E-03  1.323E-21  3.332E-01  6.290E+00
                1.380E-01  2.617E-02  9.443E-04  2.657E-04  1.680E-01  9.946E-04
                4.161E-02  1.150E-03  7.165E-06  7.843E+00
3.07384705E+00  2.376E-23  4.734E-54  1.907E-08  1.507E-24  5.914E-08  1.699E-04
                2.994E-22  7.299E-53  6.906E-10  4.998E-23  9.568E-09  7.341E-23
                1.567E-08  8.692E-24  2.291E-06  7.228E-06  3.664E-01  1.096E+00
                1.847E+00  1.739E-21  1.235E-04  8.600E-04  3.027E-02  9.614E-02
                1.800E-01  2.116E-19  2.943E-02  5.298E-02  8.373E-02  3.624E-04
                1.040E-05  1.633E-04  7.943E-03  3.723E-50  1.812E-08  6.472E-03
                2.880E-04  4.264E-05  5.338E-03  6.301E-50  2.433E-01  1.528E-05
                1.713E-03  1.046E-07  5.555E-09  1.795E-02  1.248E-04  6.180E-06
                1.861E-02  4.263E-05  4.595E-03  1.190E-02  1.455E-06  1.732E-01
                5.818E-01  3.401E-03  2.863E-03  4.023E-06  7.803E-22  2.064E-06
                2.824E-02  4.462E-03  1.058E-02  1.084E-02  1.016E-20  1.289E-02
                1.765E-01  1.167E+00  1.207E-03  1.304E-06  1.150E+00  2.093E-19
                1.255E-48  2.203E-05  8.012E-20  3.946E-04  1.147E-20  4.749E-04
                5.027E-21  6.941E-02  1.459E-01  4.593E-06  4.738E-09  5.963E-06
                1.781E-06  2.588E-02  2.295E-05  5.280E-03  4.700E-07  9.674E-01
                2.225E-02  2.117E+00  6.302E+00  1.044E+01  4.284E-21  2.286E-01
                3.808E-01  5.402E-01  2.605E-03  8.213E-04  1.082E-03  2.342E-01
                6.128E-49  2.728E+00  3.020E-04  3.404E-02  2.066E-06  1.414E-07
                5.263E-01  8.063E-04  2.028E+00  6.049E+00  6.775E-02  2.959E-02
                2.032E-04  1.610E-20  1.927E-01  2.020E+00  1.102E+01  1.382E-02
                6.831E-05  2.484E-20  2.523E-03  1.712E-21  3.687E-01  6.154E+00
                1.559E-01  3.180E-02  1.067E-03  2.611E-04  1.911E-01  1.193E-03
                4.116E-02  1.308E-03  8.758E-06  7.747E+00
3.34443543E+00  5.365E-23  1.103E-53  3.887E-08  3.376E-24  1.120E-07  3.457E-04
                5.499E-22  1.676E-52  1.743E-09  9.988E-23  2.084E-08  1.403E-22
                3.345E-08  1.831E-23  4.889E-06  1.771E-05  3.651E-01  1.091E+00
                1.836E+00  1.738E-21  1.232E-04  1.005E-03  3.729E-02  1.173E-01
                2.160E-01  1.770E-19  3.471E-02  6.175E-02  9.593E-02  4.225E-04
                1.291E-05  1.645E-04  8.985E-03  4.642E-50  1.825E-08  7.650E-03
                3.347E-04  4.747E-05  6.096E-03  6.706E-50  2.917E-01  1.814E-05
                2.104E-03  1.241E-07  6.190E-09  2.031E-02  1.241E-04  6.993E-06
                2.214E-02  4.746E-05  5.329E-03  1.364E-02  1.749E-06  2.089E-01
                6.914E-01  4.189E-03  3.405E-03  4.609E-06  9.100E-22  2.340E-06
                3.396E-02  5.265E-03  1.240E-02  1.245E-02  1.054E-20  1.584E-02
                2.119E-01  1.373E+00  1.450E-03  1.526E-06  1.146E+00  1.684E-19
                1.443E-48  2.592E-05  8.914E-20  4.700E-04  9.103E-21  5.421E-04
                5.986E-21  7.924E-02  1.736E-01  5.152E-06  5.182E-09  6.841E-06
                2.035E-06  3.059E-02  2.725E-05  6.188E-03  5.778E-07  1.134E+00
                2.540E-02  2.065E+00  6.144E+00  1.016E+01  4.111E-21  2.456E-01
                4.085E-01  5.788E-01  2.794E-03  8.005E-04  1.051E-03  2.502E-01
                6.300E-49  2.679E+00  3.189E-04  3.957E-02  2.182E-06  1.375E-07
                5.618E-01  7.869E-04  1.992E+00  5.940E+00  7.870E-02  2.906E-02
                2.171E-04  1.602E-20  1.999E-01  1.992E+00  1.079E+01  1.363E-02
                7.290E-05  2.870E-20  2.710E-03  2.033E-21  3.961E-01  6.004E+00
                1.711E-01  3.710E-02  1.171E-03  2.560E-04  2.111E-01  1.376E-03
                4.058E-02  1.444E-03  1.017E-05  7.628E+00
3.61502381E+00  1.027E-22  2.224E-53  6.969E-08  6.483E-24  1.892E-07  6.192E-04
                8.908E-22  3.424E-52  3.681E-09  1.736E-22  3.920E-08  2.351E-22
                6.128E-08  3.310E-23  8.957E-06  3.662E-05  3.640E-01  1.088E+00
                1.828E+00  1.686E-21  1.230E-04  1.132E-03  4.348E-02  1.358E-01
                2.467E-01  1.498E-19  3.940E-02  6.942E-02  1.064E-01  4.749E-04
                1.512E-05  1.633E-04  1.002E-02  5.535E-50  1.812E-08  8.612E-03
                3.730E-04  5.080E-05  6.724E-03  7.100E-50  3.334E-01  2.051E-05
                2.506E-03  1.403E-07  6.630E-09  2.267E-02  1.235E-04  7.802E-06
                2.504E-02  5.079E-05  5.950E-03  1.510E-02  2.001E-06  2.399E-01
                7.850E-01  4.996E-03  3.870E-03  5.092E-06  1.061E-21  2.614E-06
                3.878E-02  5.964E-03  1.396E-02  1.377E-02  1.066E-20  1.854E-02
                2.426E-01  1.545E+00  1.659E-03  1.715E-06  1.142E+00  1.381E-19
                1.616E-48  2.915E-05  9.747E-20  5.470E-04  7.284E-21  5.994E-04
                6.926E-21  8.761E-02  1.967E-01  5.594E-06  5.475E-09  7.571E-06
                2.246E-06  3.440E-02  3.094E-05  6.946E-03  6.867E-07  1.273E+00
                2.799E-02  2.010E+00  5.975E+00  9.867E+00  3.896E-21  2.583E-01
                4.290E-01  6.076E-01  2.935E-03  7.783E-04  1.011E-03  2.618E-01
                6.348E-49  2.625E+00  3.265E-04  4.434E-02  2.234E-06  1.324E-07
                5.876E-01  7.659E-04  1.952E+00  5.819E+00  8.818E-02  2.848E-02
                2.272E-04  1.572E-20  2.056E-01  1.959E+00  1.054E+01  1.340E-02
                7.621E-05  3.124E-20  2.848E-03  2.277E-21  4.163E-01  5.842E+00
                1.839E-01  4.196E-02  1.258E-03  2.504E-04  2.282E-01  1.544E-03
                3.990E-02  1.561E-03  1.139E-05  7.491E+00
3.88561219E+00  1.740E-22  3.988E-53  1.135E-07  1.109E-23  2.931E-07  1.007E-03
                1.314E-21  6.405E-52  6.831E-09  2.723E-22  6.610E-08  3.571E-22
                1.006E-07  5.342E-23  1.471E-05  6.692E-05  3.632E-01  1.085E+00
                1.821E+00  1.604E-21  1.229E-04  1.255E-03  4.881E-02  1.514E-01
                2.721E-01  1.279E-19  4.356E-02  7.614E-02  1.153E-01  5.209E-04
                1.701E-05  1.607E-04  1.105E-02  6.325E-50  1.783E-08  9.370E-03
                4.059E-04  5.297E-05  7.241E-03  7.321E-50  3.687E-01  2.244E-05
                2.912E-03  1.535E-07  6.918E-09  2.500E-02  1.231E-04  8.605E-06
                2.737E-02  5.295E-05  6.477E-03  1.630E-02  2.208E-06  2.663E-01
                8.636E-01  5.812E-03  4.261E-03  5.487E-06  1.227E-21  2.885E-06
                4.270E-02  6.566E-03  1.529E-02  1.487E-02  1.058E-20  2.098E-02
                2.687E-01  1.689E+00  1.838E-03  1.875E-06  1.140E+00  1.151E-19
                1.770E-48  3.177E-05  1.050E-19  6.343E-04  5.871E-21  6.485E-04
                7.817E-21  9.479E-02  2.155E-01  5.928E-06  5.653E-09  8.171E-06
                2.419E-06  3.738E-02  3.407E-05  7.570E-03  7.952E-07  1.387E+00
                3.011E-02  1.951E+00  5.799E+00  9.563E+00  3.666E-21  2.674E-01
                4.436E-01  6.281E-01  3.035E-03  7.551E-04  9.656E-04  2.698E-01
                6.326E-49  2.568E+00  3.266E-04  4.841E-02  2.235E-06  1.265E-07
                6.054E-01  7.439E-04  1.908E+00  5.690E+00  9.626E-02  2.785E-02
                2.342E-04  1.528E-20  2.099E-01  1.922E+00  1.028E+01  1.315E-02
                7.850E-05  3.265E-20  2.946E-03  2.448E-21  4.307E-01  5.673E+00
                1.944E-01  4.634E-02  1.330E-03  2.446E-04  2.427E-01  1.693E-03
                3.913E-02  1.660E-03  1.242E-05  7.338E+00
4.15620057E+00  2.692E-22  6.521E-53  1.716E-07  1.737E-23  4.242E-07  1.522E-03
                1.804E-21  1.115E-51  1.150E-08  3.952E-22  1.025E-07  5.036E-22
                1.522E-07  7.923E-23  2.225E-05  1.113E-04  3.624E-01  1.082E+00
                1.815E+00  1.505E-21  1.227E-04  1.390E-03  5.330E-02  1.645E-01
                2.928E-01  1.100E-19  4.725E-02  8.205E-02  1.231E-01  5.613E-04
                1.859E-05  1.572E-04  1.207E-02  7.093E-50  1.743E-08  9.945E-03
                4.371E-04  5.424E-05  7.660E-03  7.589E-50  3.984E-01  2.395E-05
                3.317E-03  1.639E-07  7.091E-09  2.730E-02  1.227E-04  9.398E-06
                2.915E-02  5.422E-05  6.929E-03  1.728E-02  2.371E-06  2.886E-01
                9.289E-01  6.624E-03  4.587E-03  5.806E-06  1.405E-21  3.153E-06
                4.580E-02  7.079E-03  1.641E-02  1.580E-02  1.036E-20  2.318E-02
                2.907E-01  1.806E+00  1.989E-03  2.009E-06  1.138E+00  9.717E-20
                1.918E-48  3.385E-05  1.118E-19  7.407E-04  4.764E-21  6.908E-04
                8.640E-21  1.010E-01  2.305E-01  6.170E-06  5.746E-09  8.658E-06
                2.560E-06  3.961E-02  3.669E-05  8.079E-03  9.019E-07  1.480E+00
                3.185E-02  1.891E+00  5.618E+00  9.253E+00  3.434E-21  2.735E-01
                4.534E-01  6.420E-01  3.102E-03  7.314E-04  9.166E-04  2.749E-01
                6.266E-49  2.507E+00  3.211E-04  5.182E-02  2.197E-06  1.201E-07
                6.168E-01  7.211E-04  1.862E+00  5.553E+00  1.031E-01  2.719E-02
                2.386E-04  1.476E-20  2.128E-01  1.881E+00  1.001E+01  1.287E-02
                7.995E-05  3.319E-20  3.012E-03  2.556E-21  4.402E-01  5.498E+00
                2.029E-01  5.024E-02  1.388E-03  2.384E-04  2.547E-01  1.825E-03
                3.829E-02  1.743E-03  1.329E-05  7.173E+00
1.00000000E+06  0.000E+00  0.000E+00  1.357E-04  0.000E+00  0.000E+00  1.190E+00
                0.000E+00  0.000E+00  2.603E-05  0.000E+00  0.000E+00  0.000E+00
                0.000E+00  0.000E+00  0.000E+00  2.296E-01  4.044E+00  1.213E+01
                2.023E+01  0.000E+00  1.388E-03  0.000E+00  9.853E-01  2.953E+00
                4.912E+00  0.000E+00  0.000E+00  0.000E+00  0.000E+00  0.000E+00
                3.400E-04  0.000E+00  0.000E+00  0.000E+00  0.000E+00  1.680E-01
                0.000E+00  0.000E+00  0.000E+00  0.000E+00  6.442E+00  0.000E+00
                0.000E+00  0.000E+00  0.000E+00  0.000E+00  1.367E-03  0.000E+00
                5.069E-01  0.000E+00  0.000E+00  0.000E+00  3.512E-05  4.836E+00
                1.444E+01  0.000E+00  7.170E-02  0.000E+00  0.000E+00  0.000E+00
                8.547E-01  0.000E+00  0.000E+00  0.000E+00  0.000E+00  3.231E-01
                4.813E+00  2.714E+01  3.293E-02  0.000E+00  1.280E+01  0.000E+00
                0.000E+00  5.699E-04  0.000E+00  0.000E+00  0.000E+00  0.000E+00
                0.000E+00  0.000E+00  3.925E+00  1.100E-04  0.000E+00  0.000E+00
                0.000E+00  7.140E-01  6.171E-04  1.200E-01  0.000E+00  2.218E+01
                0.000E+00  2.537E+01  7.611E+01  1.268E+02  0.000E+00  0.000E+00
                0.000E+00  0.000E+00  0.000E+00  9.893E-03  0.000E+00  0.000E+00
                0.000E+00  3.253E+01  0.000E+00  0.000E+00  0.000E+00  0.000E+00
                0.000E+00  9.757E-03  2.439E+01  7.282E+01  0.000E+00  3.512E-01
                0.000E+00  0.000E+00  1.625E+00  2.421E+01  1.365E+02  1.656E-01
                0.000E+00  0.000E+00  0.000E+00  0.000E+00  0.000E+00  7.425E+01
                0.000E+00  0.000E+00  0.000E+00  3.101E-03  0.000E+00  0.000E+00
                4.978E-01  0.000E+00  0.000E+00  9.410E+01
