           8           2
          17          12         136
   0           1   0           3   0          -1   0          -3   0          -5   0           1   0          -3   0           3   0          -1   0          -3   0          -5   0           1   0           3   0           5   0           7   0           5   0          -3
    0.000000E+00    1.145905E+00    1.161331E+00    1.161421E+00    1.161606E+00
    1.163117E+00    1.173541E+00    1.352519E+00    1.356653E+00    1.356678E+00
    1.356729E+00    1.356986E+00    1.358976E+00    1.358985E+00    1.359001E+00
    1.359135E+00    1.359996E+00
1.31502259E+00  1.326E-28  5.561E-60  1.506E-15  1.302E-30  4.447E-10  1.360E-11
                0.000E+00  0.000E+00  0.000E+00  0.000E+00  0.000E+00  0.000E+00
                0.000E+00  0.000E+00  0.000E+00  0.000E+00  2.444E-01  7.723E-01
                1.413E+00  8.062E-18  7.367E-05  0.000E+00  0.000E+00  0.000E+00
                0.000E+00  0.000E+00  0.000E+00  0.000E+00  0.000E+00  0.000E+00
                0.000E+00  2.323E-05  1.008E-03  1.225E-49  2.574E-09  0.000E+00
                0.000E+00  0.000E+00  0.000E+00  0.000E+00  0.000E+00  0.000E+00
                0.000E+00  0.000E+00  0.000E+00  2.312E-03  3.782E-04  7.261E-07
                0.000E+00  0.000E+00  0.000E+00  0.000E+00  0.000E+00  0.000E+00
                0.000E+00  0.000E+00  0.000E+00  0.000E+00  2.205E-20  2.418E-07
                0.000E+00  0.000E+00  0.000E+00  0.000E+00  0.000E+00  0.000E+00
                0.000E+00  0.000E+00  0.000E+00  0.000E+00  1.233E+00  0.000E+00
                0.000E+00  0.000E+00  0.000E+00  0.000E+00  0.000E+00  0.000E+00
                0.000E+00  0.000E+00  0.000E+00  0.000E+00  0.000E+00  0.000E+00
                0.000E+00  0.000E+00  0.000E+00  0.000E+00  0.000E+00  0.000E+00
                0.000E+00  0.000E+00  0.000E+00  0.000E+00  0.000E+00  0.000E+00
                0.000E+00  0.000E+00  0.000E+00  0.000E+00  0.000E+00  0.000E+00
                0.000E+00  0.000E+00  0.000E+00  0.000E+00  0.000E+00  0.000E+00
                0.000E+00  0.000E+00  0.000E+00  0.000E+00  0.000E+00  0.000E+00
                0.000E+00  0.000E+00  0.000E+00  0.000E+00  0.000E+00  0.000E+00
                0.000E+00  0.000E+00  0.000E+00  0.000E+00  0.000E+00  0.000E+00
                0.000E+00  0.000E+00  0.000E+00  0.000E+00  0.000E+00  0.000E+00
                0.000E+00  0.000E+00  0.000E+00  0.000E+00
1.58561097E+00  3.134E-29  5.383E-60  1.387E-13  5.940E-31  1.012E-09  1.259E-09
                3.243E-27  1.201E-56  1.348E-14  5.074E-28  7.157E-10  2.361E-28
                1.939E-11  1.693E-29  2.834E-09  9.493E-11  6.254E-01  1.914E+00
                3.291E+00  3.142E-22  1.525E-04  1.904E-06  1.805E-05  7.588E-05
                2.338E-04  1.057E-18  6.110E-05  1.666E-04  4.573E-04  1.140E-06
                9.133E-08  6.356E-05  2.599E-03  2.949E-53  7.048E-09  9.804E-06
                6.502E-07  2.081E-07  2.781E-05  3.992E-50  2.789E-04  1.852E-08
                2.480E-05  1.267E-10  2.637E-11  5.882E-03  5.653E-04  2.087E-06
                2.396E-05  2.135E-07  1.424E-05  5.502E-05  7.985E-07  1.667E-04
                9.796E-04  4.572E-05  7.076E-06  2.771E-08  1.280E-23  6.658E-07
                2.820E-05  8.130E-06  2.497E-05  4.213E-05  4.357E-21  2.365E-05
                2.422E-04  3.013E-03  1.657E-06  2.829E-09  2.572E+00  1.607E-18
                4.326E-49  2.377E-07  3.066E-20  9.379E-07  3.277E-20  2.430E-06
                3.728E-22  3.552E-04  1.821E-04  8.647E-07  3.996E-10  4.001E-08
                2.567E-08  2.975E-05  3.590E-07  1.023E-05  6.253E-09  2.261E-03
                8.486E-05  6.010E+00  1.821E+01  3.076E+01  6.202E-21  6.180E-02
                1.053E-01  1.539E-01  7.205E-04  1.739E-03  2.517E-03  5.837E-02
                2.075E-49  9.872E+00  4.535E-05  8.325E-04  3.103E-07  3.287E-07
                1.360E-01  5.228E-03  7.419E+00  2.237E+01  1.718E-03  1.072E-01
                5.113E-05  5.892E-21  4.969E-01  7.453E+00  4.256E+01  4.975E-02
                1.805E-05  5.490E-23  6.282E-04  3.504E-23  9.189E-02  2.039E+01
                3.473E-02  4.210E-03  2.378E-04  1.240E-03  4.034E-02  1.969E-04
                1.966E-01  2.762E-04  2.233E-07  3.878E+01
1.85619935E+00  1.430E-27  2.835E-58  1.286E-11  1.793E-28  1.211E-09  1.157E-07
                3.491E-25  4.833E-56  3.205E-14  2.218E-26  1.212E-09  5.879E-26
                1.820E-11  1.720E-27  2.660E-09  5.407E-10  8.427E-01  2.560E+00
                4.343E+00  5.486E-22  2.067E-04  4.941E-05  9.743E-04  3.543E-03
                8.423E-03  6.712E-19  1.948E-03  4.187E-03  8.454E-03  2.864E-05
                2.158E-07  9.493E-05  4.024E-03  1.233E-51  1.054E-08  3.378E-04
                1.759E-05  3.632E-06  5.399E-04  4.663E-50  1.143E-02  7.458E-07
                2.187E-04  5.102E-09  4.582E-10  9.073E-03  6.418E-04  3.225E-06
                8.988E-04  3.648E-06  3.620E-04  1.135E-03  5.883E-07  7.447E-03
                3.170E-02  4.161E-04  1.619E-04  3.513E-07  1.769E-22  1.033E-06
                1.167E-03  2.899E-04  7.560E-04  9.452E-04  5.252E-21  5.878E-04
                8.392E-03  7.530E-02  5.741E-05  9.024E-08  3.269E+00  9.180E-19
                4.921E-49  1.610E-06  3.936E-20  2.358E-05  3.508E-20  4.878E-05
                1.157E-21  7.131E-03  7.057E-03  1.184E-06  8.011E-10  5.732E-07
                2.069E-07  1.238E-03  1.711E-06  3.301E-04  5.508E-08  6.217E-02
                2.042E-03  8.175E+00  2.464E+01  4.128E+01  4.126E-21  1.129E-01
                1.907E-01  2.750E-01  1.305E-03  2.525E-03  1.428E-03  1.154E-01
                3.365E-49  1.264E+01  9.718E-05  4.773E-03  6.648E-07  1.862E-07
                2.619E-01  6.057E-03  9.510E+00  2.853E+01  9.612E-03  1.359E-01
                1.003E-04  9.316E-21  6.450E-01  9.536E+00  5.401E+01  6.400E-02
                3.447E-05  4.499E-22  1.213E-03  1.215E-22  1.773E-01  2.669E+01
                6.940E-02  8.973E-03  4.750E-04  1.505E-03  8.140E-02  3.736E-04
                2.401E-01  5.571E-04  1.247E-06  4.710E+01
2.12678773E+00  7.050E-26  1.339E-56  2.017E-10  6.328E-27  1.908E-09  1.810E-06
                4.721E-24  6.527E-55  9.389E-13  4.376E-25  1.153E-09  9.180E-25
                9.138E-11  4.810E-26  1.336E-08  1.531E-08  9.915E-01  3.002E+00
                5.065E+00  9.630E-22  2.503E-04  1.900E-04  4.782E-03  1.636E-02
                3.486E-02  4.831E-19  7.076E-03  1.399E-02  2.524E-02  9.573E-05
                1.383E-06  1.239E-04  5.426E-03  5.989E-51  1.376E-08  1.357E-03
                6.568E-05  1.222E-05  1.619E-03  5.226E-50  4.792E-02  3.094E-06
                5.060E-04  2.117E-08  1.573E-09  1.219E-02  6.910E-04  4.356E-06
                3.738E-03  1.223E-05  1.213E-03  3.492E-03  5.350E-07  3.253E-02
                1.237E-01  9.795E-04  6.134E-04  1.143E-06  3.808E-22  1.396E-06
                5.215E-03  1.064E-03  2.653E-03  3.036E-03  6.562E-21  2.364E-03
                3.478E-02  2.710E-01  2.379E-04  3.241E-07  3.738E+00  6.019E-19
                6.370E-49  5.177E-06  4.753E-20  8.897E-05  2.834E-20  1.465E-04
                1.963E-21  2.142E-02  2.933E-02  1.884E-06  1.742E-09  1.749E-06
                5.610E-07  5.249E-03  5.307E-06  1.231E-03  1.317E-07  2.273E-01
                6.509E-03  9.397E+00  2.828E+01  4.725E+01  4.114E-21  1.628E-01
                2.737E-01  3.923E-01  1.873E-03  2.997E-03  1.212E-03  1.682E-01
                4.491E-49  1.421E+01  1.531E-04  1.075E-02  1.047E-06  1.581E-07
                3.795E-01  6.524E-03  1.069E+01  3.202E+01  2.154E-02  1.525E-01
                1.462E-04  1.231E-20  7.345E-01  1.072E+01  6.050E+01  7.208E-02
                4.975E-05  3.823E-21  1.771E-03  3.382E-22  2.590E-01  3.025E+01
                1.025E-01  1.457E-02  7.014E-04  1.654E-03  1.213E-01  5.892E-04
                2.646E-01  8.299E-04  2.792E-06  5.174E+01
2.39737611E+00  8.205E-25  1.517E-55  1.239E-09  6.051E-26  5.515E-09  1.109E-05
                2.562E-23  3.989E-54  1.519E-11  3.058E-24  1.331E-09  5.452E-24
                6.777E-10  4.130E-25  9.906E-08  1.936E-07  1.104E+00  3.338E+00
                5.615E+00  1.344E-21  2.861E-04  3.896E-04  1.138E-02  3.772E-02
                7.578E-02  3.715E-19  1.393E-02  2.640E-02  4.491E-02  1.806E-04
                3.654E-06  1.449E-04  6.772E-03  1.386E-50  1.609E-08  2.889E-03
                1.320E-04  2.256E-05  2.889E-03  5.641E-50  1.041E-01  6.508E-06
                8.325E-04  4.452E-08  2.925E-09  1.527E-02  7.277E-04  5.407E-06
                8.123E-03  2.258E-05  2.298E-03  6.318E-03  7.078E-07  7.231E-02
                2.594E-01  1.629E-03  1.278E-03  2.116E-06  5.219E-22  1.756E-06
                1.183E-02  2.109E-03  5.141E-03  5.618E-03  7.913E-21  5.194E-03
                7.578E-02  5.465E-01  5.183E-04  6.321E-07  4.093E+00  4.276E-19
                8.324E-49  1.028E-05  5.669E-20  1.787E-04  2.213E-20  2.601E-04
                2.769E-21  3.801E-02  6.340E-02  2.800E-06  2.804E-09  3.175E-06
                9.778E-07  1.144E-02  1.060E-05  2.502E-03  2.229E-07  4.596E-01
                1.191E-02  1.024E+01  3.080E+01  5.140E+01  4.343E-21  2.091E-01
                3.502E-01  4.996E-01  2.397E-03  3.326E-03  1.164E-03  2.166E-01
                5.361E-49  1.529E+01  2.102E-04  1.823E-02  1.438E-06  1.519E-07
                4.878E-01  6.848E-03  1.151E+01  3.445E+01  3.645E-02  1.641E-01
                1.885E-04  1.441E-20  8.013E-01  1.154E+01  6.501E+01  7.772E-02
                6.378E-05  9.853E-21  2.288E-03  6.919E-22  3.345E-01  3.271E+01
                1.342E-01  2.091E-02  9.182E-04  1.757E-03  1.598E-01  8.284E-04
                2.816E-01  1.093E-03  4.718E-06  5.496E+01
2.66796449E+00  4.341E-24  8.235E-55  4.609E-09  2.908E-25  1.657E-08  4.115E-05
                8.505E-23  1.553E-53  1.012E-10  1.198E-23  2.044E-09  1.935E-23
                3.192E-09  1.844E-24  4.665E-07  1.148E-06  1.195E+00  3.609E+00
                6.059E+00  1.600E-21  3.162E-04  6.017E-04  1.971E-02  6.410E-02
                1.241E-01  2.969E-19  2.125E-02  3.922E-02  6.429E-02  2.683E-04
                6.618E-06  1.580E-04  8.089E-03  2.339E-50  1.754E-08  4.660E-03
                2.006E-04  3.218E-05  4.151E-03  6.065E-50  1.701E-01  1.021E-05
                1.192E-03  6.985E-08  4.185E-09  1.825E-02  7.572E-04  6.425E-06
                1.328E-02  3.219E-05  3.424E-03  9.161E-03  1.026E-06  1.200E-01
                4.154E-01  2.350E-03  2.044E-03  3.097E-06  6.266E-22  2.105E-06
                1.989E-02  3.242E-03  7.791E-03  8.232E-03  9.082E-21  8.671E-03
                1.245E-01  8.547E-01  8.516E-04  9.596E-07  4.379E+00  3.198E-19
                1.040E-48  1.607E-05  6.643E-20  2.716E-04  1.728E-20  3.715E-04
                3.634E-21  5.430E-02  1.031E-01  3.807E-06  3.755E-09  4.624E-06
                1.397E-06  1.867E-02  1.679E-05  3.918E-03  3.245E-07  7.187E-01
                1.731E-02  1.088E+01  3.270E+01  5.452E+01  4.459E-21  2.501E-01
                4.178E-01  5.943E-01  2.859E-03  3.576E-03  1.141E-03  2.578E-01
                6.050E-49  1.612E+01  2.568E-04  2.570E-02  1.757E-06  1.490E-07
                5.799E-01  7.092E-03  1.213E+01  3.630E+01  5.127E-02  1.730E-01
                2.245E-04  1.566E-20  8.550E-01  1.217E+01  6.844E+01  8.201E-02
                7.571E-05  1.656E-20  2.744E-03  1.113E-21  4.011E-01  3.457E+01
                1.631E-01  2.759E-02  1.116E-03  1.836E-03  1.957E-01  1.075E-03
                2.946E-01  1.339E-03  6.632E-06  5.740E+01
2.93855286E+00  1.456E-23  2.830E-54  1.256E-08  9.333E-25  4.067E-08  1.119E-04
                2.079E-22  4.554E-53  3.968E-10  3.303E-23  6.016E-09  4.985E-23
                9.925E-09  5.555E-24  1.451E-06  4.239E-06  1.272E+00  3.836E+00
                6.432E+00  1.732E-21  3.419E-04  8.003E-04  2.886E-02  9.267E-02
                1.749E-01  2.430E-19  2.846E-02  5.159E-02  8.241E-02  3.529E-04
                9.902E-06  1.650E-04  9.409E-03  3.335E-50  1.831E-08  6.486E-03
                2.629E-04  3.999E-05  5.333E-03  6.453E-50  2.393E-01  1.373E-05
                1.584E-03  9.391E-08  5.207E-09  2.125E-02  7.820E-04  7.444E-06
                1.868E-02  3.999E-05  4.500E-03  1.184E-02  1.410E-06  1.706E-01
                5.767E-01  3.137E-03  2.839E-03  4.018E-06  7.298E-22  2.457E-06
                2.853E-02  4.366E-03  1.039E-02  1.068E-02  9.947E-21  1.247E-02
                1.761E-01  1.168E+00  1.205E-03  1.279E-06  4.618E+00  2.481E-19
                1.250E-48  2.203E-05  7.620E-20  3.577E-04  1.360E-20  4.754E-04
                4.562E-21  6.949E-02  1.444E-01  4.832E-06  4.507E-09  5.999E-06
                1.794E-06  2.616E-02  2.332E-05  5.352E-03  4.348E-07  9.813E-01
                2.237E-02  1.139E+01  3.421E+01  5.700E+01  4.431E-21  2.855E-01
                4.760E-01  6.759E-01  3.257E-03  3.773E-03  1.122E-03  2.929E-01
                6.527E-49  1.678E+01  2.914E-04  3.285E-02  1.994E-06  1.466E-07
                6.584E-01  7.286E-03  1.263E+01  3.778E+01  6.545E-02  1.801E-01
                2.551E-04  1.624E-20  8.996E-01  1.267E+01  7.117E+01  8.545E-02
                8.585E-05  2.256E-20  3.136E-03  1.526E-21  4.584E-01  3.604E+01
                1.893E-01  3.432E-02  1.295E-03  1.898E-03  2.285E-01  1.318E-03
                3.049E-01  1.564E-03  8.462E-06  5.935E+01
3.20914124E+00  3.658E-23  7.398E-54  2.774E-08  2.307E-24  8.281E-08  2.469E-04
                4.135E-22  1.122E-52  1.126E-09  7.213E-23  1.447E-08  1.035E-22
                2.342E-08  1.291E-23  3.424E-06  1.160E-05  1.337E+00  4.031E+00
                6.753E+00  1.768E-21  3.643E-04  9.769E-04  3.824E-02  1.216E-01
                2.251E-01  2.023E-19  3.535E-02  6.323E-02  9.907E-02  4.325E-04
                1.326E-05  1.681E-04  1.072E-02  4.321E-50  1.865E-08  8.264E-03
                3.156E-04  4.589E-05  6.415E-03  6.796E-50  3.082E-01  1.684E-05
                2.000E-03  1.152E-07  5.982E-09  2.422E-02  8.035E-04  8.451E-06
                2.398E-02  4.588E-05  5.497E-03  1.431E-02  1.810E-06  2.214E-01
                7.354E-01  3.973E-03  3.623E-03  4.860E-06  8.497E-22  2.805E-06
                3.719E-02  5.444E-03  1.285E-02  1.291E-02  1.049E-20  1.639E-02
                2.278E-01  1.473E+00  1.558E-03  1.581E-06  4.824E+00  1.977E-19
                1.446E-48  2.785E-05  8.560E-20  4.366E-04  1.079E-20  5.711E-04
                5.524E-21  8.347E-02  1.849E-01  5.834E-06  5.060E-09  7.273E-06
                2.162E-06  3.347E-02  2.987E-05  6.740E-03  5.503E-07  1.236E+00
                2.698E-02  1.180E+01  3.544E+01  5.903E+01  4.298E-21  3.156E-01
                5.253E-01  7.451E-01  3.594E-03  3.934E-03  1.095E-03  3.223E-01
                6.788E-49  1.733E+01  3.142E-04  3.944E-02  2.150E-06  1.432E-07
                7.242E-01  7.445E-03  1.303E+01  3.899E+01  7.852E-02  1.859E-01
                2.807E-04  1.636E-20  9.371E-01  1.308E+01  7.342E+01  8.828E-02
                9.436E-05  2.727E-20  3.468E-03  1.885E-21  5.069E-01  3.725E+01
                2.127E-01  4.086E-02  1.455E-03  1.949E-03  2.583E-01  1.551E-03
                3.135E-01  1.767E-03  1.015E-05  6.095E+01
3.47972962E+00  7.553E-23  1.600E-53  5.279E-08  4.757E-24  1.474E-07  4.693E-04
                7.096E-22  2.407E-52  2.580E-09  1.337E-22  2.910E-08  1.842E-22
                4.600E-08  2.503E-23  6.724E-06  2.592E-05  1.395E+00  4.203E+00
                7.036E+00  1.741E-21  3.841E-04  1.135E-03  4.747E-02  1.499E-01
                2.733E-01  1.706E-19  4.187E-02  7.412E-02  1.144E-01  5.070E-04
                1.656E-05  1.681E-04  1.204E-02  5.291E-50  1.866E-08  9.939E-03
                3.590E-04  5.013E-05  7.400E-03  7.148E-50  3.747E-01  1.949E-05
                2.431E-03  1.334E-07  6.540E-09  2.720E-02  8.223E-04  9.468E-06
                2.903E-02  5.012E-05  6.410E-03  1.656E-02  2.196E-06  2.709E-01
                8.877E-01  4.840E-03  4.378E-03  5.622E-06  9.907E-22  3.154E-06
                4.556E-02  6.458E-03  1.515E-02  1.492E-02  1.075E-20  2.030E-02
                2.781E-01  1.763E+00  1.901E-03  1.861E-06  5.005E+00  1.610E-19
                1.638E-48  3.341E-05  9.440E-20  5.133E-04  8.644E-21  6.593E-04
                6.484E-21  9.637E-02  2.234E-01  6.791E-06  5.445E-09  8.442E-06
                2.499E-06  4.037E-02  3.623E-05  8.056E-03  6.687E-07  1.478E+00
                3.116E-02  1.214E+01  3.647E+01  6.073E+01  4.106E-21  3.408E-01
                5.668E-01  8.034E-01  3.878E-03  4.069E-03  1.059E-03  3.468E-01
                6.965E-49  1.778E+01  3.267E-04  4.537E-02  2.235E-06  1.387E-07
                7.792E-01  7.578E-03  1.338E+01  4.001E+01  9.029E-02  1.909E-01
                3.020E-04  1.619E-20  9.691E-01  1.343E+01  7.531E+01  9.067E-02
                1.015E-04  3.059E-20  3.746E-03  2.168E-21  5.477E-01  3.825E+01
                2.334E-01  4.709E-02  1.597E-03  1.993E-03  2.850E-01  1.771E-03
                3.206E-01  1.950E-03  1.166E-05  6.229E+01
3.75031800E+00  1.354E-22  2.991E-53  8.995E-08  8.588E-24  2.378E-07  7.988E-04
                1.093E-21  4.748E-52  5.084E-09  2.199E-22  5.158E-08  2.929E-22
                7.946E-08  4.257E-23  1.161E-05  5.017E-05  1.446E+00  4.356E+00
                7.288E+00  1.674E-21  4.019E-04  1.287E-03  5.635E-02  1.769E-01
                3.187E-01  1.453E-19  4.804E-02  8.431E-02  1.286E-01  5.767E-04
                1.972E-05  1.664E-04  1.335E-02  6.192E-50  1.846E-08  1.149E-02
                3.954E-04  5.303E-05  8.326E-03  7.474E-50  4.380E-01  2.167E-05
                2.871E-03  1.483E-07  6.923E-09  3.016E-02  8.392E-04  1.049E-05
                3.373E-02  5.301E-05  7.274E-03  1.868E-02  2.557E-06  3.182E-01
                1.032E+00  5.723E-03  5.094E-03  6.324E-06  1.150E-21  3.500E-06
                5.347E-02  7.433E-03  1.734E-02  1.681E-02  1.077E-20  2.412E-02
                3.261E-01  2.036E+00  2.230E-03  2.123E-06  5.166E+00  1.334E-19
                1.816E-48  3.862E-05  1.025E-19  5.959E-04  6.980E-21  7.437E-04
                7.408E-21  1.087E-01  2.596E-01  7.690E-06  5.695E-09  9.598E-06
                2.833E-06  4.678E-02  4.233E-05  9.290E-03  7.880E-07  1.705E+00
                3.524E-02  1.244E+01  3.735E+01  6.217E+01  3.885E-21  3.620E-01
                6.015E-01  8.523E-01  4.116E-03  4.183E-03  1.017E-03  3.673E-01
                7.036E-49  1.817E+01  3.310E-04  5.065E-02  2.264E-06  1.332E-07
                8.250E-01  7.691E-03  1.367E+01  4.089E+01  1.008E-01  1.951E-01
                3.198E-04  1.583E-20  9.965E-01  1.373E+01  7.694E+01  9.271E-02
                1.074E-04  3.268E-20  3.979E-03  2.376E-21  5.818E-01  3.911E+01
                2.518E-01  5.294E-02  1.723E-03  2.030E-03  3.090E-01  1.977E-03
                3.268E-01  2.114E-03  1.301E-05  6.345E+01
4.02090638E+00  2.186E-22  5.127E-53  1.409E-07  1.402E-23  3.554E-07  1.250E-03
                1.552E-21  8.484E-52  8.960E-09  3.309E-22  8.318E-08  4.277E-22
                1.249E-07  6.567E-23  1.826E-05  8.720E-05  1.493E+00  4.494E+00
                7.515E+00  1.583E-21  4.179E-04  1.454E-03  6.478E-02  2.024E-01
                3.611E-01  1.248E-19  5.416E-02  9.439E-02  1.425E-01  6.457E-04
                2.270E-05  1.634E-04  1.465E-02  7.032E-50  1.812E-08  1.291E-02
                4.281E-04  5.489E-05  9.211E-03  7.758E-50  4.978E-01  2.342E-05
                3.314E-03  1.602E-07  7.172E-09  3.311E-02  8.544E-04  1.149E-05
                3.807E-02  5.487E-05  8.107E-03  2.071E-02  2.886E-06  3.631E-01
                1.167E+00  6.613E-03  5.768E-03  7.010E-06  1.323E-21  3.843E-06
                6.083E-02  8.374E-03  1.945E-02  1.863E-02  1.063E-20  2.782E-02
                3.717E-01  2.291E+00  2.542E-03  2.380E-06  5.311E+00  1.121E-19
                1.980E-48  4.347E-05  1.097E-19  6.933E-04  5.679E-21  8.266E-04
                8.274E-21  1.208E-01  2.933E-01  8.528E-06  5.843E-09  1.063E-05
                3.130E-06  5.266E-02  4.811E-05  1.044E-02  9.066E-07  1.917E+00
                3.895E-02  1.269E+01  3.810E+01  6.342E+01  3.657E-21  3.798E-01
                6.306E-01  8.934E-01  4.315E-03  4.282E-03  9.696E-04  3.844E-01
                7.035E-49  1.851E+01  3.290E-04  5.529E-02  2.251E-06  1.270E-07
                8.632E-01  7.788E-03  1.393E+01  4.165E+01  1.100E-01  1.988E-01
                3.346E-04  1.537E-20  1.020E+00  1.399E+01  7.835E+01  9.448E-02
                1.123E-04  3.377E-20  4.174E-03  2.517E-21  6.102E-01  3.985E+01
                2.680E-01  5.839E-02  1.834E-03  2.062E-03  3.304E-01  2.167E-03
                3.321E-01  2.261E-03  1.419E-05  6.444E+01
4.29149476E+00  3.258E-22  8.198E-53  2.068E-07  2.116E-23  5.003E-07  1.833E-03
                2.070E-21  1.435E-51  1.450E-08  4.652E-22  1.246E-07  5.847E-22
                1.828E-07  9.408E-23  2.671E-05  1.396E-04  1.535E+00  4.619E+00
                7.722E+00  1.481E-21  4.325E-04  1.643E-03  7.272E-02  2.263E-01
                4.005E-01  1.080E-19  6.005E-02  1.041E-01  1.559E-01  7.118E-04
                2.548E-05  1.596E-04  1.594E-02  7.883E-50  1.770E-08  1.420E-02
                4.609E-04  5.596E-05  9.975E-03  8.151E-50  5.540E-01  2.478E-05
                3.755E-03  1.695E-07  7.319E-09  3.602E-02  8.683E-04  1.249E-05
                4.203E-02  5.593E-05  8.855E-03  2.246E-02  3.183E-06  4.054E-01
                1.294E+00  7.498E-03  6.401E-03  7.597E-06  1.505E-21  4.182E-06
                6.765E-02  9.211E-03  2.131E-02  2.025E-02  1.037E-20  3.137E-02
                4.147E-01  2.529E+00  2.836E-03  2.605E-06  5.443E+00  9.544E-20
                2.153E-48  4.798E-05  1.162E-19  8.137E-04  4.653E-21  9.003E-04
                9.066E-21  1.316E-01  3.244E-01  9.304E-06  5.916E-09  1.152E-05
                3.388E-06  5.802E-02  5.357E-05  1.152E-02  1.024E-06  2.114E+00
                4.218E-02  1.291E+01  3.877E+01  6.452E+01  3.431E-21  3.947E-01
                6.550E-01  9.278E-01  4.481E-03  4.369E-03  9.202E-04  3.986E-01
                7.033E-49  1.881E+01  3.222E-04  5.940E-02  2.204E-06  1.206E-07
                8.952E-01  7.874E-03  1.415E+01  4.232E+01  1.182E-01  2.020E-01
                3.470E-04  1.483E-20  1.041E+00  1.422E+01  7.959E+01  9.604E-02
                1.164E-04  3.408E-20  4.336E-03  2.601E-21  6.339E-01  4.050E+01
                2.823E-01  6.345E-02  1.932E-03  2.090E-03  3.496E-01  2.343E-03
                3.368E-01  2.392E-03  1.525E-05  6.532E+01
