           8           2
          17          13         136
   0           1   0           3   0          -1   0          -3   0          -5   0           1   0          -3   0           3   0          -1   0          -3   0          -5   0           1   0           3   0           5   0           7   0           5   0          -3
    0.000000E+00    1.145905E+00    1.161331E+00    1.161421E+00    1.161606E+00
    1.163117E+00    1.173541E+00    1.352519E+00    1.356653E+00    1.356678E+00
    1.356729E+00    1.356986E+00    1.358976E+00    1.358985E+00    1.359001E+00
    1.359135E+00    1.359996E+00
1.21355195E+00  1.345E-33  9.163E-66  2.154E-19  5.010E-36  1.560E-12  1.944E-15
                0.000E+00  0.000E+00  0.000E+00  0.000E+00  0.000E+00  0.000E+00
                0.000E+00  0.000E+00  0.000E+00  0.000E+00  3.933E-02  1.355E-01
                2.922E-01  1.300E-19  1.501E-05  0.000E+00  0.000E+00  0.000E+00
                0.000E+00  0.000E+00  0.000E+00  0.000E+00  0.000E+00  0.000E+00
                0.000E+00  1.875E-06  3.237E-04  1.225E-51  2.078E-10  0.000E+00
                0.000E+00  0.000E+00  0.000E+00  0.000E+00  0.000E+00  0.000E+00
                0.000E+00  0.000E+00  0.000E+00  7.456E-04  2.840E-05  2.313E-07
                0.000E+00  0.000E+00  0.000E+00  0.000E+00  0.000E+00  0.000E+00
                0.000E+00  0.000E+00  0.000E+00  0.000E+00  5.144E-22  8.259E-08
                0.000E+00  0.000E+00  0.000E+00  0.000E+00  0.000E+00  0.000E+00
                0.000E+00  0.000E+00  0.000E+00  0.000E+00  2.564E-01  0.000E+00
                0.000E+00  0.000E+00  0.000E+00  0.000E+00  0.000E+00  0.000E+00
                0.000E+00  0.000E+00  0.000E+00  0.000E+00  0.000E+00  0.000E+00
                0.000E+00  0.000E+00  0.000E+00  0.000E+00  0.000E+00  0.000E+00
                0.000E+00  0.000E+00  0.000E+00  0.000E+00  0.000E+00  0.000E+00
                0.000E+00  0.000E+00  0.000E+00  0.000E+00  0.000E+00  0.000E+00
                0.000E+00  0.000E+00  0.000E+00  0.000E+00  0.000E+00  0.000E+00
                0.000E+00  0.000E+00  0.000E+00  0.000E+00  0.000E+00  0.000E+00
                0.000E+00  0.000E+00  0.000E+00  0.000E+00  0.000E+00  0.000E+00
                0.000E+00  0.000E+00  0.000E+00  0.000E+00  0.000E+00  0.000E+00
                0.000E+00  0.000E+00  0.000E+00  0.000E+00  0.000E+00  0.000E+00
                0.000E+00  0.000E+00  0.000E+00  0.000E+00
1.48414033E+00  1.322E-29  3.883E-61  3.351E-14  1.944E-31  1.055E-09  3.040E-10
                8.442E-28  3.313E-57  3.590E-15  2.890E-28  1.208E-11  9.247E-29
                1.035E-11  9.127E-30  1.513E-09  2.585E-11  3.275E-01  1.001E+00
                1.762E+00  2.920E-22  1.109E-04  9.632E-08  5.006E-07  1.909E-06
                6.309E-06  1.291E-18  1.375E-06  6.152E-06  2.620E-05  4.209E-08
                1.120E-07  5.170E-05  1.651E-03  7.535E-54  5.729E-09  6.645E-07
                1.222E-08  4.377E-08  1.029E-06  3.363E-50  5.913E-06  1.412E-09
                2.524E-06  9.657E-12  1.049E-11  3.743E-03  1.312E-04  1.292E-06
                8.784E-07  4.448E-08  4.274E-07  1.944E-06  8.522E-07  3.394E-06
                3.051E-05  4.657E-06  1.277E-06  1.445E-08  1.518E-24  4.147E-07
                1.311E-06  1.250E-07  5.152E-07  2.132E-06  4.362E-21  1.646E-06
                8.905E-06  1.366E-04  6.092E-08  4.314E-10  1.184E+00  2.013E-18
                4.402E-49  1.500E-07  2.563E-20  3.304E-08  1.872E-20  9.801E-08
                1.567E-22  1.433E-05  4.638E-06  8.319E-07  4.624E-10  9.885E-09
                8.745E-09  5.682E-07  2.810E-07  7.403E-07  6.213E-10  8.600E-05
                2.122E-06  2.354E+00  7.129E+00  1.234E+01  8.761E-21  3.271E-02
                5.679E-02  8.499E-02  3.885E-04  9.312E-04  3.766E-03  2.811E-02
                1.492E-49  3.146E+00  3.212E-05  1.216E-04  2.197E-07  4.919E-07
                6.917E-02  9.426E-04  2.324E+00  7.096E+00  3.141E-04  3.745E-02
                2.419E-05  4.330E-21  1.495E-01  2.258E+00  1.337E+01  1.545E-02
                9.035E-06  5.478E-23  3.137E-04  1.766E-23  4.585E-02  7.216E+00
                1.687E-02  1.983E-03  1.154E-04  3.035E-04  2.013E-02  1.185E-04
                4.560E-02  1.377E-04  4.095E-08  8.310E+00
1.75472871E+00  1.829E-28  3.321E-59  2.919E-12  2.471E-29  1.207E-09  2.628E-08
                8.138E-26  1.504E-56  1.588E-14  4.845E-27  9.086E-10  1.197E-26
                1.340E-11  2.971E-28  1.959E-09  1.633E-10  3.675E-01  1.110E+00
                1.911E+00  4.201E-22  1.231E-04  2.112E-05  3.536E-04  1.338E-03
                3.412E-03  7.532E-19  8.316E-04  1.893E-03  4.118E-03  1.295E-05
                8.591E-08  8.242E-05  2.828E-03  4.561E-52  9.150E-09  1.385E-04
                7.672E-06  1.595E-06  2.618E-04  4.184E-50  4.543E-03  2.948E-07
                1.285E-04  2.017E-09  1.970E-10  6.372E-03  1.335E-04  2.218E-06
                3.612E-04  1.608E-06  1.641E-04  5.417E-04  6.628E-07  2.887E-03
                1.326E-02  2.421E-04  7.022E-05  1.629E-07  9.768E-23  7.108E-07
                4.510E-04  1.231E-04  3.311E-04  4.409E-04  4.772E-21  2.508E-04
                3.404E-03  3.335E-02  2.329E-05  3.864E-08  1.208E+00  1.067E-18
                4.333E-49  8.392E-07  3.590E-20  1.011E-05  3.554E-20  2.350E-05
                8.484E-22  3.434E-03  2.825E-03  1.013E-06  5.507E-10  2.800E-07
                1.120E-07  4.884E-04  9.493E-07  1.405E-04  3.207E-08  2.708E-02
                9.465E-04  2.332E+00  6.981E+00  1.179E+01  4.298E-21  7.307E-02
                1.239E-01  1.795E-01  8.479E-04  9.117E-04  1.583E-03  7.629E-02
                2.696E-49  2.935E+00  7.726E-05  3.005E-03  5.286E-07  2.066E-07
                1.735E-01  8.865E-04  2.179E+00  6.548E+00  6.069E-03  3.267E-02
                6.554E-05  8.001E-21  1.474E-01  2.119E+00  1.217E+01  1.450E-02
                2.263E-05  7.585E-23  7.905E-04  7.824E-23  1.156E-01  6.785E+00
                4.549E-02  5.824E-03  3.112E-04  2.842E-04  5.326E-02  2.431E-04
                4.271E-02  3.644E-04  7.879E-07  8.041E+00
2.02531709E+00  2.029E-26  3.983E-57  8.342E-11  2.048E-27  1.309E-09  7.493E-07
                2.065E-24  2.663E-55  2.511E-13  1.679E-25  1.059E-09  3.852E-25
                4.104E-11  1.664E-26  5.999E-09  4.645E-09  3.727E-01  1.120E+00
                1.912E+00  7.931E-22  1.247E-04  1.273E-04  2.969E-03  1.033E-02
                2.275E-02  5.203E-19  4.833E-03  9.792E-03  1.826E-02  6.699E-05
                7.943E-07  1.127E-04  3.906E-03  3.754E-51  1.251E-08  8.919E-04
                4.448E-05  8.539E-06  1.166E-03  4.690E-50  3.117E-02  2.040E-06
                3.920E-04  1.396E-08  1.093E-09  8.802E-03  1.310E-04  3.055E-06
                2.429E-03  8.557E-06  8.461E-04  2.496E-03  5.253E-07  2.089E-02
                8.209E-02  7.547E-04  4.095E-04  8.033E-07  3.105E-22  9.914E-07
                3.306E-03  7.224E-04  1.825E-03  2.144E-03  5.988E-21  1.544E-03
                2.260E-02  1.840E-01  1.546E-04  2.219E-07  1.191E+00  6.670E-19
                5.423E-49  3.587E-06  4.379E-20  6.016E-05  2.984E-20  1.057E-04
                1.666E-21  1.545E-02  1.912E-02  1.580E-06  1.343E-09  1.245E-06
                4.092E-07  3.396E-03  3.684E-06  8.278E-04  1.008E-07  1.535E-01
                4.606E-03  2.277E+00  6.801E+00  1.141E+01  3.952E-21  1.132E-01
                1.909E-01  2.743E-01  1.306E-03  8.879E-04  1.224E-03  1.191E-01
                3.851E-49  2.872E+00  1.312E-04  8.300E-03  8.978E-07  1.596E-07
                2.690E-01  8.644E-04  2.134E+00  6.389E+00  1.666E-02  3.148E-02
                1.027E-04  1.118E-20  1.544E-01  2.086E+00  1.181E+01  1.427E-02
                3.503E-05  2.152E-21  1.242E-03  2.385E-22  1.816E-01  6.612E+00
                7.223E-02  1.027E-02  4.941E-04  2.775E-04  8.563E-02  4.137E-04
                4.231E-02  5.858E-04  2.160E-06  7.993E+00
2.29590546E+00  3.678E-25  6.893E-56  6.763E-10  2.878E-26  3.416E-09  6.060E-06
                1.463E-23  2.197E-54  6.027E-12  1.610E-24  1.308E-09  3.020E-24
                3.300E-10  2.035E-25  4.824E-08  8.275E-08  3.717E-01  1.115E+00
                1.893E+00  1.202E-21  1.246E-04  3.090E-04  8.482E-03  2.835E-02
                5.807E-02  3.913E-19  1.107E-02  2.126E-02  3.683E-02  1.454E-04
                2.638E-06  1.360E-04  4.948E-03  1.055E-50  1.510E-08  2.211E-03
                1.059E-04  1.857E-05  2.353E-03  5.081E-50  7.949E-02  5.152E-06
                6.976E-04  3.525E-08  2.403E-09  1.116E-02  1.287E-04  3.858E-06
                6.164E-03  1.859E-05  1.843E-03  5.125E-03  6.118E-07  5.473E-02
                2.002E-01  1.361E-03  9.876E-04  1.706E-06  4.736E-22  1.267E-06
                8.803E-03  1.661E-03  4.081E-03  4.540E-03  7.349E-21  3.941E-03
                5.746E-02  4.264E-01  3.931E-04  5.015E-07  1.175E+00  4.604E-19
                7.107E-49  8.050E-06  5.254E-20  1.434E-04  2.332E-20  2.123E-04
                2.456E-21  3.103E-02  4.849E-02  2.382E-06  2.390E-09  2.556E-06
                7.940E-07  8.671E-03  8.211E-06  1.940E-03  1.848E-07  3.568E-01
                9.605E-03  2.238E+00  6.677E+00  1.115E+01  4.179E-21  1.503E-01
                2.524E-01  3.609E-01  1.727E-03  8.712E-04  1.146E-03  1.572E-01
                4.725E-49  2.835E+00  1.890E-04  1.494E-02  1.293E-06  1.495E-07
                3.544E-01  8.504E-04  2.107E+00  6.299E+00  2.989E-02  3.090E-02
                1.358E-04  1.358E-20  1.644E-01  2.070E+00  1.160E+01  1.416E-02
                4.609E-05  7.397E-21  1.656E-03  5.465E-22  2.421E-01  6.501E+00
                9.723E-02  1.544E-02  6.652E-04  2.732E-04  1.166E-01  6.081E-04
                4.212E-02  7.977E-04  3.872E-06  7.956E+00
2.56649384E+00  2.484E-24  4.659E-55  2.942E-09  1.710E-25  1.105E-08  2.629E-05
                5.657E-23  9.798E-54  5.380E-11  7.537E-24  1.440E-09  1.257E-23
                1.888E-09  1.111E-24  2.760E-07  6.314E-07  3.697E-01  1.107E+00
                1.874E+00  1.505E-21  1.242E-04  5.155E-04  1.577E-02  5.144E-02
                1.010E-01  3.086E-19  1.784E-02  3.321E-02  5.510E-02  2.272E-04
                5.202E-06  1.511E-04  5.986E-03  1.948E-50  1.677E-08  3.756E-03
                1.745E-04  2.857E-05  3.520E-03  5.501E-50  1.375E-01  8.809E-06
                1.029E-03  6.026E-08  3.713E-09  1.352E-02  1.270E-04  4.661E-06
                1.062E-02  2.858E-05  2.887E-03  7.750E-03  8.601E-07  9.619E-02
                3.375E-01  2.024E-03  1.661E-03  2.611E-06  5.850E-22  1.544E-06
                1.561E-02  2.690E-03  6.499E-03  6.984E-03  8.597E-21  6.955E-03
                9.945E-02  6.985E-01  6.804E-04  8.012E-07  1.164E+00  3.377E-19
                9.009E-49  1.314E-05  6.208E-20  2.362E-04  1.811E-20  3.155E-04
                3.295E-21  4.612E-02  8.341E-02  3.226E-06  3.389E-09  3.874E-06
                1.176E-06  1.491E-02  1.348E-05  3.178E-03  2.780E-07  5.830E-01
                1.457E-02  2.201E+00  6.559E+00  1.092E+01  4.352E-21  1.827E-01
                3.058E-01  4.356E-01  2.092E-03  8.554E-04  1.118E-03  1.897E-01
                5.388E-49  2.802E+00  2.393E-04  2.188E-02  1.637E-06  1.459E-07
                4.269E-01  8.369E-04  2.083E+00  6.221E+00  4.368E-02  3.046E-02
                1.642E-04  1.509E-20  1.750E-01  2.057E+00  1.141E+01  1.407E-02
                5.547E-05  1.402E-20  2.016E-03  9.518E-22  2.947E-01  6.394E+00
                1.201E-01  2.111E-02  8.219E-04  2.693E-04  1.453E-01  8.143E-04
                4.190E-02  9.939E-04  5.654E-06  7.906E+00
2.83708222E+00  9.631E-24  1.850E-54  8.872E-09  6.248E-25  2.969E-08  7.913E-05
                1.529E-22  3.127E-53  2.492E-10  2.330E-23  4.054E-09  3.598E-23
                6.742E-09  3.805E-24  9.855E-07  2.712E-06  3.678E-01  1.101E+00
                1.858E+00  1.677E-21  1.238E-04  7.108E-04  2.360E-02  7.575E-02
                1.445E-01  2.503E-19  2.428E-02  4.430E-02  7.136E-02  3.030E-04
                8.003E-06  1.596E-04  7.030E-03  2.875E-50  1.772E-08  5.273E-03
                2.390E-04  3.693E-05  4.556E-03  5.906E-50  1.958E-01  1.241E-05
                1.385E-03  8.491E-08  4.808E-09  1.588E-02  1.257E-04  5.469E-06
                1.506E-02  3.693E-05  3.851E-03  1.011E-02  1.175E-06  1.385E-01
                4.730E-01  2.739E-03  2.327E-03  3.417E-06  6.839E-22  1.821E-06
                2.257E-02  3.675E-03  8.780E-03  9.184E-03  9.572E-21  1.015E-02
                1.419E-01  9.607E-01  9.706E-04  1.083E-06  1.155E+00  2.582E-19
                1.093E-48  1.810E-05  7.180E-20  3.243E-04  1.414E-20  4.063E-04
                4.198E-21  5.939E-02  1.181E-01  4.004E-06  4.199E-09  5.061E-06
                1.520E-06  2.105E-02  1.872E-05  4.358E-03  3.782E-07  7.987E-01
                1.897E-02  2.158E+00  6.429E+00  1.067E+01  4.370E-21  2.096E-01
                3.498E-01  4.969E-01  2.393E-03  8.381E-04  1.101E-03  2.160E-01
                5.860E-49  2.765E+00  2.780E-04  2.861E-02  1.902E-06  1.439E-07
                4.856E-01  8.216E-04  2.056E+00  6.135E+00  5.701E-02  3.001E-02
                1.872E-04  1.586E-20  1.850E-01  2.040E+00  1.121E+01  1.395E-02
                6.306E-05  2.030E-20  2.313E-03  1.375E-21  3.381E-01  6.274E+00
                1.404E-01  2.688E-02  9.606E-04  2.651E-04  1.711E-01  1.020E-03
                4.156E-02  1.170E-03  7.373E-06  7.832E+00
3.10767060E+00  2.660E-23  5.227E-54  2.102E-08  1.684E-24  6.454E-08  1.872E-04
                3.258E-22  8.121E-53  7.846E-10  5.501E-23  1.066E-08  8.030E-23
                1.741E-08  9.640E-24  2.545E-06  8.177E-06  3.662E-01  1.095E+00
                1.845E+00  1.742E-21  1.235E-04  8.796E-04  3.119E-02  9.892E-02
                1.848E-01  2.068E-19  3.013E-02  5.414E-02  8.536E-02  3.704E-04
                1.073E-05  1.637E-04  8.073E-03  3.839E-50  1.817E-08  6.631E-03
                2.944E-04  4.333E-05  5.440E-03  6.397E-50  2.497E-01  1.567E-05
                1.761E-03  1.072E-07  5.647E-09  1.825E-02  1.247E-04  6.281E-06
                1.909E-02  4.333E-05  4.694E-03  1.213E-02  1.494E-06  1.779E-01
                5.964E-01  3.498E-03  2.935E-03  4.103E-06  7.953E-22  2.098E-06
                2.900E-02  4.568E-03  1.082E-02  1.106E-02  1.022E-20  1.327E-02
                1.812E-01  1.195E+00  1.240E-03  1.334E-06  1.150E+00  2.034E-19
                1.279E-48  2.255E-05  8.128E-20  4.042E-04  1.114E-20  4.839E-04
                5.146E-21  7.073E-02  1.496E-01  4.670E-06  4.803E-09  6.081E-06
                1.815E-06  2.651E-02  2.352E-05  5.402E-03  4.833E-07  9.898E-01
                2.268E-02  2.111E+00  6.283E+00  1.041E+01  4.265E-21  2.310E-01
                3.847E-01  5.456E-01  2.632E-03  8.188E-04  1.078E-03  2.365E-01
                6.169E-49  2.722E+00  3.046E-04  3.477E-02  2.084E-06  1.410E-07
                5.313E-01  8.039E-04  2.024E+00  6.036E+00  6.920E-02  2.953E-02
                2.051E-04  1.610E-20  1.937E-01  2.017E+00  1.099E+01  1.380E-02
                6.896E-05  2.540E-20  2.549E-03  1.757E-21  3.726E-01  6.136E+00
                1.580E-01  3.248E-02  1.081E-03  2.605E-04  1.938E-01  1.216E-03
                4.109E-02  1.326E-03  8.944E-06  7.733E+00
3.37825898E+00  5.864E-23  1.215E-53  4.207E-08  3.691E-24  1.203E-07  3.742E-04
                5.877E-22  1.831E-52  1.930E-09  1.078E-22  2.272E-08  1.506E-22
                3.634E-08  1.987E-23  5.312E-06  1.955E-05  3.649E-01  1.091E+00
                1.835E+00  1.733E-21  1.232E-04  1.022E-03  3.811E-02  1.198E-01
                2.201E-01  1.733E-19  3.533E-02  6.277E-02  9.733E-02  4.294E-04
                1.321E-05  1.644E-04  9.116E-03  4.772E-50  1.825E-08  7.782E-03
                3.399E-04  4.796E-05  6.181E-03  6.791E-50  2.972E-01  1.846E-05
                2.154E-03  1.263E-07  6.255E-09  2.061E-02  1.240E-04  7.094E-06
                2.253E-02  4.795E-05  5.413E-03  1.384E-02  1.783E-06  2.130E-01
                7.040E-01  4.289E-03  3.468E-03  4.675E-06  9.278E-22  2.374E-06
                3.461E-02  5.358E-03  1.260E-02  1.263E-02  1.056E-20  1.619E-02
                2.160E-01  1.396E+00  1.478E-03  1.551E-06  1.145E+00  1.641E-19
                1.458E-48  2.635E-05  9.022E-20  4.793E-04  8.849E-21  5.497E-04
                6.105E-21  8.036E-02  1.767E-01  5.214E-06  5.226E-09  6.940E-06
                2.064E-06  3.111E-02  2.774E-05  6.291E-03  5.914E-07  1.153E+00
                2.575E-02  2.059E+00  6.124E+00  1.013E+01  4.085E-21  2.474E-01
                4.114E-01  5.829E-01  2.814E-03  7.978E-04  1.046E-03  2.519E-01
                6.308E-49  2.673E+00  3.203E-04  4.020E-02  2.191E-06  1.369E-07
                5.655E-01  7.843E-04  1.987E+00  5.925E+00  7.996E-02  2.899E-02
                2.186E-04  1.600E-20  2.007E-01  1.988E+00  1.076E+01  1.360E-02
                7.337E-05  2.909E-20  2.729E-03  2.068E-21  3.990E-01  5.984E+00
                1.728E-01  3.773E-02  1.182E-03  2.553E-04  2.134E-01  1.398E-03
                4.050E-02  1.460E-03  1.033E-05  7.612E+00
3.64884736E+00  1.103E-22  2.394E-53  7.442E-08  6.973E-24  2.007E-07  6.612E-04
                9.394E-22  3.714E-52  4.001E-09  1.846E-22  4.207E-08  2.489E-22
                6.554E-08  3.533E-23  9.581E-06  3.973E-05  3.639E-01  1.087E+00
                1.827E+00  1.677E-21  1.230E-04  1.147E-03  4.420E-02  1.379E-01
                2.501E-01  1.468E-19  3.995E-02  7.031E-02  1.076E-01  4.810E-04
                1.538E-05  1.631E-04  1.015E-02  5.630E-50  1.810E-08  8.717E-03
                3.773E-04  5.113E-05  6.795E-03  7.178E-50  3.381E-01  2.078E-05
                2.556E-03  1.422E-07  6.673E-09  2.296E-02  1.235E-04  7.903E-06
                2.537E-02  5.111E-05  6.021E-03  1.526E-02  2.030E-06  2.434E-01
                7.956E-01  5.098E-03  3.922E-03  5.146E-06  1.081E-21  2.648E-06
                3.931E-02  6.045E-03  1.414E-02  1.392E-02  1.066E-20  1.886E-02
                2.461E-01  1.565E+00  1.683E-03  1.737E-06  1.142E+00  1.349E-19
                1.633E-48  2.951E-05  9.846E-20  5.571E-04  7.088E-21  6.059E-04
                7.040E-21  8.857E-02  1.993E-01  5.641E-06  5.503E-09  7.653E-06
                2.270E-06  3.482E-02  3.137E-05  7.031E-03  7.003E-07  1.288E+00
                2.828E-02  2.003E+00  5.954E+00  9.830E+00  3.868E-21  2.596E-01
                4.311E-01  6.106E-01  2.949E-03  7.754E-04  1.006E-03  2.630E-01
                6.374E-49  2.618E+00  3.270E-04  4.489E-02  2.237E-06  1.317E-07
                5.902E-01  7.632E-04  1.946E+00  5.804E+00  8.926E-02  2.840E-02
                2.282E-04  1.568E-20  2.062E-01  1.955E+00  1.051E+01  1.337E-02
                7.655E-05  3.147E-20  2.863E-03  2.302E-21  4.184E-01  5.822E+00
                1.853E-01  4.253E-02  1.268E-03  2.497E-04  2.302E-01  1.563E-03
                3.981E-02  1.575E-03  1.152E-05  7.473E+00
3.91943574E+00  1.846E-22  4.251E-53  1.199E-07  1.178E-23  3.080E-07  1.065E-03
                1.372E-21  6.899E-52  7.326E-09  2.864E-22  7.012E-08  3.741E-22
                1.064E-07  5.636E-23  1.555E-05  7.164E-05  3.631E-01  1.085E+00
                1.820E+00  1.592E-21  1.228E-04  1.271E-03  4.941E-02  1.532E-01
                2.750E-01  1.254E-19  4.404E-02  7.692E-02  1.164E-01  5.263E-04
                1.723E-05  1.603E-04  1.118E-02  6.410E-50  1.779E-08  9.451E-03
                4.098E-04  5.317E-05  7.298E-03  7.407E-50  3.727E-01  2.265E-05
                2.962E-03  1.549E-07  6.946E-09  2.529E-02  1.230E-04  8.705E-06
                2.762E-02  5.315E-05  6.537E-03  1.643E-02  2.231E-06  2.693E-01
                8.724E-01  5.913E-03  4.305E-03  5.531E-06  1.249E-21  2.919E-06
                4.313E-02  6.635E-03  1.544E-02  1.500E-02  1.056E-20  2.127E-02
                2.717E-01  1.705E+00  1.858E-03  1.893E-06  1.140E+00  1.126E-19
                1.792E-48  3.206E-05  1.059E-19  6.464E-04  5.718E-21  6.541E-04
                7.924E-21  9.561E-02  2.176E-01  5.963E-06  5.669E-09  8.238E-06
                2.439E-06  3.770E-02  3.443E-05  7.640E-03  8.087E-07  1.400E+00
                3.034E-02  1.944E+00  5.777E+00  9.524E+00  3.637E-21  2.683E-01
                4.451E-01  6.302E-01  3.045E-03  7.522E-04  9.596E-04  2.706E-01
                6.329E-49  2.560E+00  3.262E-04  4.887E-02  2.232E-06  1.257E-07
                6.072E-01  7.411E-04  1.903E+00  5.673E+00  9.718E-02  2.777E-02
                2.348E-04  1.522E-20  2.103E-01  1.917E+00  1.025E+01  1.312E-02
                7.872E-05  3.276E-20  2.956E-03  2.464E-21  4.321E-01  5.651E+00
                1.955E-01  4.685E-02  1.338E-03  2.438E-04  2.443E-01  1.711E-03
                3.903E-02  1.671E-03  1.254E-05  7.318E+00
4.19002412E+00  2.828E-22  6.880E-53  1.799E-07  1.828E-23  4.425E-07  1.596E-03
                1.870E-21  1.191E-51  1.220E-08  4.122E-22  1.078E-07  5.234E-22
                1.595E-07  8.282E-23  2.332E-05  1.179E-04  3.623E-01  1.082E+00
                1.814E+00  1.492E-21  1.227E-04  1.409E-03  5.380E-02  1.660E-01
                2.951E-01  1.080E-19  4.768E-02  8.274E-02  1.240E-01  5.660E-04
                1.877E-05  1.567E-04  1.220E-02  7.103E-50  1.738E-08  1.000E-02
                4.410E-04  5.435E-05  7.707E-03  7.645E-50  4.017E-01  2.412E-05
                3.367E-03  1.650E-07  7.107E-09  2.758E-02  1.227E-04  9.496E-06
                2.934E-02  5.433E-05  6.982E-03  1.739E-02  2.388E-06  2.911E-01
                9.362E-01  6.725E-03  4.624E-03  5.841E-06  1.428E-21  3.186E-06
                4.613E-02  7.137E-03  1.653E-02  1.591E-02  1.032E-20  2.343E-02
                2.932E-01  1.819E+00  2.006E-03  2.024E-06  1.137E+00  9.522E-20
                1.944E-48  3.408E-05  1.126E-19  7.557E-04  4.643E-21  6.956E-04
                8.738E-21  1.017E-01  2.321E-01  6.194E-06  5.752E-09  8.712E-06
                2.575E-06  3.984E-02  3.698E-05  8.135E-03  9.150E-07  1.491E+00
                3.204E-02  1.884E+00  5.595E+00  9.214E+00  3.406E-21  2.741E-01
                4.543E-01  6.433E-01  3.108E-03  7.284E-04  9.103E-04  2.754E-01
                6.252E-49  2.499E+00  3.202E-04  5.220E-02  2.190E-06  1.193E-07
                6.178E-01  7.183E-04  1.857E+00  5.535E+00  1.038E-01  2.711E-02
                2.390E-04  1.469E-20  2.131E-01  1.876E+00  9.974E+00  1.284E-02
                8.008E-05  3.321E-20  3.018E-03  2.566E-21  4.411E-01  5.476E+00
                2.038E-01  5.069E-02  1.394E-03  2.376E-04  2.561E-01  1.840E-03
                3.818E-02  1.752E-03  1.339E-05  7.152E+00
1.00000000E+06  0.000E+00  0.000E+00  1.357E-04  0.000E+00  0.000E+00  1.190E+00
                0.000E+00  0.000E+00  2.603E-05  0.000E+00  0.000E+00  0.000E+00
                0.000E+00  0.000E+00  0.000E+00  2.296E-01  4.044E+00  1.213E+01
                2.023E+01  0.000E+00  1.388E-03  0.000E+00  9.853E-01  2.953E+00
                4.912E+00  0.000E+00  0.000E+00  0.000E+00  0.000E+00  0.000E+00
                3.400E-04  0.000E+00  0.000E+00  0.000E+00  0.000E+00  1.680E-01
                0.000E+00  0.000E+00  0.000E+00  0.000E+00  6.442E+00  0.000E+00
                0.000E+00  0.000E+00  0.000E+00  0.000E+00  1.367E-03  0.000E+00
                5.069E-01  0.000E+00  0.000E+00  0.000E+00  3.512E-05  4.836E+00
                1.444E+01  0.000E+00  7.170E-02  0.000E+00  0.000E+00  0.000E+00
                8.547E-01  0.000E+00  0.000E+00  0.000E+00  0.000E+00  3.231E-01
                4.813E+00  2.714E+01  3.293E-02  0.000E+00  1.280E+01  0.000E+00
                0.000E+00  5.699E-04  0.000E+00  0.000E+00  0.000E+00  0.000E+00
                0.000E+00  0.000E+00  3.925E+00  1.100E-04  0.000E+00  0.000E+00
                0.000E+00  7.140E-01  6.171E-04  1.200E-01  0.000E+00  2.218E+01
                0.000E+00  2.537E+01  7.611E+01  1.268E+02  0.000E+00  0.000E+00
                0.000E+00  0.000E+00  0.000E+00  9.893E-03  0.000E+00  0.000E+00
                0.000E+00  3.253E+01  0.000E+00  0.000E+00  0.000E+00  0.000E+00
                0.000E+00  9.757E-03  2.439E+01  7.282E+01  0.000E+00  3.512E-01
                0.000E+00  0.000E+00  1.625E+00  2.421E+01  1.365E+02  1.656E-01
                0.000E+00  0.000E+00  0.000E+00  0.000E+00  0.000E+00  7.425E+01
                0.000E+00  0.000E+00  0.000E+00  3.101E-03  0.000E+00  0.000E+00
                4.978E-01  0.000E+00  0.000E+00  9.410E+01
