           8           2
          17          12         136
   0           1   0           3   0          -1   0          -3   0          -5   0           1   0          -3   0           3   0          -1   0          -3   0          -5   0           1   0           3   0           5   0           7   0           5   0          -3
    0.000000E+00    1.145905E+00    1.161331E+00    1.161421E+00    1.161606E+00
    1.163117E+00    1.173541E+00    1.352519E+00    1.356653E+00    1.356678E+00
    1.356729E+00    1.356986E+00    1.358976E+00    1.358985E+00    1.359001E+00
    1.359135E+00    1.359996E+00
1.21355195E+00  1.345E-33  9.166E-66  2.154E-19  5.010E-36  1.560E-12  1.944E-15
                0.000E+00  0.000E+00  0.000E+00  0.000E+00  0.000E+00  0.000E+00
                0.000E+00  0.000E+00  0.000E+00  0.000E+00  3.962E-02  1.365E-01
                2.942E-01  1.300E-19  1.501E-05  0.000E+00  0.000E+00  0.000E+00
                0.000E+00  0.000E+00  0.000E+00  0.000E+00  0.000E+00  0.000E+00
                0.000E+00  1.875E-06  3.976E-04  1.228E-51  2.078E-10  0.000E+00
                0.000E+00  0.000E+00  0.000E+00  0.000E+00  0.000E+00  0.000E+00
                0.000E+00  0.000E+00  0.000E+00  9.106E-04  1.457E-04  2.447E-07
                0.000E+00  0.000E+00  0.000E+00  0.000E+00  0.000E+00  0.000E+00
                0.000E+00  0.000E+00  0.000E+00  0.000E+00  5.145E-22  8.748E-08
                0.000E+00  0.000E+00  0.000E+00  0.000E+00  0.000E+00  0.000E+00
                0.000E+00  0.000E+00  0.000E+00  0.000E+00  2.597E-01  0.000E+00
                0.000E+00  0.000E+00  0.000E+00  0.000E+00  0.000E+00  0.000E+00
                0.000E+00  0.000E+00  0.000E+00  0.000E+00  0.000E+00  0.000E+00
                0.000E+00  0.000E+00  0.000E+00  0.000E+00  0.000E+00  0.000E+00
                0.000E+00  0.000E+00  0.000E+00  0.000E+00  0.000E+00  0.000E+00
                0.000E+00  0.000E+00  0.000E+00  0.000E+00  0.000E+00  0.000E+00
                0.000E+00  0.000E+00  0.000E+00  0.000E+00  0.000E+00  0.000E+00
                0.000E+00  0.000E+00  0.000E+00  0.000E+00  0.000E+00  0.000E+00
                0.000E+00  0.000E+00  0.000E+00  0.000E+00  0.000E+00  0.000E+00
                0.000E+00  0.000E+00  0.000E+00  0.000E+00  0.000E+00  0.000E+00
                0.000E+00  0.000E+00  0.000E+00  0.000E+00  0.000E+00  0.000E+00
                0.000E+00  0.000E+00  0.000E+00  0.000E+00
1.48414033E+00  1.322E-29  3.883E-61  3.351E-14  1.944E-31  1.055E-09  3.040E-10
                8.442E-28  3.313E-57  3.590E-15  2.890E-28  1.208E-11  9.247E-29
                1.035E-11  9.127E-30  1.513E-09  2.585E-11  5.111E-01  1.574E+00
                2.735E+00  2.979E-22  1.283E-04  9.632E-08  5.006E-07  1.909E-06
                6.309E-06  1.322E-18  1.375E-06  6.152E-06  2.620E-05  4.209E-08
                1.120E-07  5.238E-05  2.031E-03  7.810E-54  5.803E-09  6.645E-07
                1.227E-08  4.379E-08  1.029E-06  3.485E-50  5.913E-06  1.412E-09
                2.524E-06  9.658E-12  1.060E-11  4.607E-03  5.200E-04  1.620E-06
                8.784E-07  4.449E-08  4.274E-07  1.944E-06  8.522E-07  3.394E-06
                3.051E-05  4.657E-06  1.277E-06  1.494E-08  1.525E-24  5.190E-07
                1.311E-06  1.252E-07  5.154E-07  2.133E-06  4.401E-21  1.646E-06
                8.905E-06  1.366E-04  6.092E-08  4.442E-10  2.193E+00  2.065E-18
                4.561E-49  1.500E-07  2.581E-20  3.304E-08  1.905E-20  9.801E-08
                1.570E-22  1.433E-05  4.638E-06  8.319E-07  4.763E-10  1.018E-08
                9.009E-09  5.682E-07  2.810E-07  7.403E-07  6.217E-10  8.600E-05
                2.122E-06  4.466E+00  1.364E+01  2.333E+01  9.007E-21  4.145E-02
                7.184E-02  1.074E-01  4.906E-04  1.270E-03  3.886E-03  3.462E-02
                1.573E-49  7.874E+00  3.252E-05  1.253E-04  2.225E-07  5.076E-07
                8.540E-02  4.607E-03  5.905E+00  1.794E+01  3.253E-04  8.723E-02
                3.044E-05  4.371E-21  3.928E-01  5.950E+00  3.435E+01  3.949E-02
                1.138E-05  5.546E-23  3.965E-04  1.771E-23  5.800E-02  1.584E+01
                2.091E-02  2.435E-03  1.433E-04  1.043E-03  2.481E-02  1.529E-04
                1.652E-01  1.700E-04  4.236E-08  3.265E+01
1.75472871E+00  1.829E-28  3.321E-59  2.919E-12  2.471E-29  1.208E-09  2.628E-08
                8.138E-26  1.504E-56  1.588E-14  4.845E-27  9.086E-10  1.197E-26
                1.340E-11  2.971E-28  1.959E-09  1.633E-10  7.721E-01  2.351E+00
                4.001E+00  4.277E-22  1.878E-04  2.112E-05  3.537E-04  1.338E-03
                3.413E-03  7.803E-19  8.318E-04  1.893E-03  4.119E-03  1.295E-05
                8.594E-08  8.344E-05  3.505E-03  4.568E-52  9.263E-09  1.386E-04
                7.673E-06  1.595E-06  2.619E-04  4.386E-50  4.544E-03  2.948E-07
                1.285E-04  2.017E-09  1.971E-10  7.911E-03  6.179E-04  2.813E-06
                3.615E-04  1.608E-06  1.641E-04  5.420E-04  6.628E-07  2.888E-03
                1.327E-02  2.421E-04  7.025E-05  1.644E-07  9.770E-23  8.987E-07
                4.514E-04  1.232E-04  3.313E-04  4.411E-04  4.825E-21  2.509E-04
                3.406E-03  3.337E-02  2.330E-05  3.867E-08  3.044E+00  1.109E-18
                4.560E-49  8.394E-07  3.632E-20  1.011E-05  3.662E-20  2.351E-05
                8.491E-22  3.436E-03  2.826E-03  1.013E-06  5.587E-10  2.812E-07
                1.132E-07  4.887E-04  9.496E-07  1.406E-04  3.207E-08  2.709E-02
                9.471E-04  7.537E+00  2.275E+01  3.817E+01  4.442E-21  9.373E-02
                1.587E-01  2.295E-01  1.086E-03  2.284E-03  1.646E-03  9.466E-02
                2.874E-49  1.183E+01  7.764E-05  3.017E-03  5.311E-07  2.149E-07
                2.158E-01  5.814E-03  8.896E+00  2.672E+01  6.098E-03  1.274E-01
                8.237E-05  8.070E-21  6.005E-01  8.923E+00  5.064E+01  5.981E-02
                2.847E-05  7.646E-23  9.955E-04  7.831E-23  1.456E-01  2.484E+01
                5.665E-02  7.109E-03  3.878E-04  1.428E-03  6.619E-02  3.020E-04
                2.273E-01  4.530E-04  7.916E-07  4.466E+01
2.02531709E+00  2.029E-26  3.984E-57  8.342E-11  2.048E-27  1.315E-09  7.493E-07
                2.065E-24  2.684E-55  2.511E-13  1.679E-25  1.060E-09  3.852E-25
                4.333E-11  1.664E-26  6.333E-09  4.645E-09  9.411E-01  2.852E+00
                4.820E+00  8.019E-22  2.350E-04  1.275E-04  2.983E-03  1.039E-02
                2.286E-02  5.410E-19  4.856E-03  9.837E-03  1.834E-02  6.730E-05
                7.995E-07  1.138E-04  4.906E-03  3.784E-51  1.264E-08  8.990E-04
                4.452E-05  8.549E-06  1.175E-03  5.043E-50  3.137E-02  2.041E-06
                3.923E-04  1.396E-08  1.094E-09  1.102E-02  6.745E-04  3.937E-06
                2.450E-03  8.567E-06  8.515E-04  2.514E-03  5.262E-07  2.103E-02
                8.263E-02  7.552E-04  4.122E-04  8.100E-07  3.110E-22  1.259E-06
                3.342E-03  7.277E-04  1.838E-03  2.157E-03  6.051E-21  1.554E-03
                2.279E-02  1.852E-01  1.559E-04  2.233E-07  3.579E+00  6.970E-19
                5.731E-49  3.609E-06  4.435E-20  6.021E-05  3.095E-20  1.064E-04
                1.667E-21  1.555E-02  1.925E-02  1.587E-06  1.352E-09  1.259E-06
                4.157E-07  3.426E-03  3.714E-06  8.350E-04  1.009E-07  1.548E-01
                4.644E-03  8.998E+00  2.709E+01  4.530E+01  4.049E-21  1.444E-01
                2.431E-01  3.490E-01  1.664E-03  2.842E-03  1.260E-03  1.488E-01
                4.119E-49  1.369E+01  1.315E-04  8.320E-03  9.000E-07  1.643E-07
                3.365E-01  6.371E-03  1.030E+01  3.088E+01  1.671E-02  1.471E-01
                1.294E-04  1.128E-20  7.045E-01  1.033E+01  5.838E+01  6.944E-02
                4.416E-05  2.152E-21  1.566E-03  2.387E-22  2.289E-01  2.909E+01
                9.035E-02  1.237E-02  6.183E-04  1.606E-03  1.066E-01  5.045E-04
                2.566E-01  7.295E-04  2.166E-06  5.022E+01
2.29590546E+00  3.678E-25  6.894E-56  6.763E-10  2.878E-26  3.677E-09  6.060E-06
                1.463E-23  2.199E-54  6.027E-12  1.610E-24  1.319E-09  3.020E-24
                3.331E-10  2.035E-25  4.869E-08  8.275E-08  1.065E+00  3.221E+00
                5.424E+00  1.214E-21  2.735E-04  3.111E-04  8.641E-03  2.893E-02
                5.922E-02  4.077E-19  1.125E-02  2.161E-02  3.746E-02  1.479E-04
                2.697E-06  1.380E-04  6.276E-03  1.070E-50  1.532E-08  2.274E-03
                1.061E-04  1.869E-05  2.406E-03  5.499E-50  8.139E-02  5.159E-06
                7.074E-04  3.529E-08  2.419E-09  1.413E-02  7.150E-04  5.019E-06
                6.350E-03  1.871E-05  1.880E-03  5.240E-03  6.208E-07  5.613E-02
                2.051E-01  1.379E-03  1.012E-03  1.744E-06  4.755E-22  1.622E-06
                9.117E-03  1.700E-03  4.174E-03  4.628E-03  7.417E-21  4.035E-03
                5.916E-02  4.373E-01  4.047E-04  5.124E-07  3.970E+00  4.826E-19
                7.550E-49  8.243E-06  5.314E-20  1.438E-04  2.430E-20  2.171E-04
                2.461E-21  3.173E-02  4.967E-02  2.440E-06  2.411E-09  2.630E-06
                8.191E-07  8.939E-03  8.469E-06  1.999E-03  1.877E-07  3.676E-01
                9.850E-03  9.955E+00  2.994E+01  4.999E+01  4.262E-21  1.927E-01
                3.231E-01  4.613E-01  2.211E-03  3.214E-03  1.175E-03  1.997E-01
                5.071E-49  1.492E+01  1.898E-04  1.533E-02  1.299E-06  1.533E-07
                4.491E-01  6.738E-03  1.123E+01  3.362E+01  3.067E-02  1.602E-01
                1.739E-04  1.373E-20  7.781E-01  1.126E+01  6.348E+01  7.579E-02
                5.877E-05  7.409E-21  2.104E-03  5.468E-22  3.077E-01  3.188E+01
                1.236E-01  1.867E-02  8.457E-04  1.722E-03  1.458E-01  7.389E-04
                2.758E-01  9.979E-04  3.971E-06  5.386E+01
2.56649384E+00  2.484E-24  4.659E-55  2.942E-09  1.710E-25  1.121E-08  2.629E-05
                5.657E-23  9.799E-54  5.380E-11  7.537E-24  1.449E-09  1.257E-23
                1.889E-09  1.111E-24  2.762E-07  6.314E-07  1.163E+00  3.513E+00
                5.902E+00  1.520E-21  3.055E-04  5.226E-04  1.645E-02  5.382E-02
                1.055E-01  3.219E-19  1.850E-02  3.444E-02  5.714E-02  2.356E-04
                5.452E-06  1.538E-04  7.598E-03  1.986E-50  1.707E-08  3.982E-03
                1.753E-04  2.876E-05  3.685E-03  5.914E-50  1.447E-01  8.825E-06
                1.054E-03  6.038E-08  3.737E-09  1.715E-02  7.468E-04  6.038E-06
                1.130E-02  2.877E-05  3.005E-03  8.109E-03  8.955E-07  1.015E-01
                3.557E-01  2.073E-03  1.751E-03  2.735E-06  5.891E-22  1.976E-06
                1.676E-02  2.815E-03  6.797E-03  7.264E-03  8.675E-21  7.314E-03
                1.057E-01  7.374E-01  7.229E-04  8.369E-07  4.278E+00  3.549E-19
                9.617E-49  1.386E-05  6.276E-20  2.372E-04  1.895E-20  3.305E-04
                3.302E-21  4.831E-02  8.787E-02  3.424E-06  3.420E-09  4.087E-06
                1.242E-06  1.589E-02  1.440E-05  3.380E-03  2.853E-07  6.202E-01
                1.532E-02  1.066E+01  3.204E+01  5.344E+01  4.434E-21  2.351E-01
                3.934E-01  5.603E-01  2.692E-03  3.489E-03  1.148E-03  2.428E-01
                5.791E-49  1.584E+01  2.407E-04  2.289E-02  1.647E-06  1.498E-07
                5.467E-01  7.008E-03  1.191E+01  3.566E+01  4.572E-02  1.699E-01
                2.113E-04  1.528E-20  8.361E-01  1.195E+01  6.725E+01  8.052E-02
                7.141E-05  1.408E-20  2.578E-03  9.525E-22  3.769E-01  3.393E+01
                1.525E-01  2.506E-02  1.044E-03  1.808E-03  1.827E-01  9.822E-04
                2.901E-01  1.250E-03  5.916E-06  5.655E+01
2.83708222E+00  9.631E-24  1.850E-54  8.872E-09  6.248E-25  2.978E-08  7.913E-05
                1.529E-22  3.127E-53  2.492E-10  2.330E-23  4.064E-09  3.598E-23
                6.743E-09  3.805E-24  9.856E-07  2.712E-06  1.245E+00  3.755E+00
                6.299E+00  1.695E-21  3.327E-04  7.283E-04  2.538E-02  8.184E-02
                1.558E-01  2.614E-19  2.579E-02  4.703E-02  7.578E-02  3.218E-04
                8.651E-06  1.628E-04  8.913E-03  2.949E-50  1.807E-08  5.803E-03
                2.406E-04  3.729E-05  4.901E-03  6.274E-50  2.133E-01  1.245E-05
                1.434E-03  8.516E-08  4.854E-09  2.013E-02  7.732E-04  7.052E-06
                1.665E-02  3.729E-05  4.105E-03  1.086E-02  1.263E-06  1.515E-01
                5.162E-01  2.836E-03  2.541E-03  3.682E-06  6.898E-22  2.326E-06
                2.526E-02  3.949E-03  9.428E-03  9.786E-03  9.661E-21  1.102E-02
                1.567E-01  1.051E+00  1.071E-03  1.161E-06  4.533E+00  2.719E-19
                1.171E-48  1.980E-05  7.256E-20  3.264E-04  1.486E-20  4.375E-04
                4.209E-21  6.394E-02  1.289E-01  4.448E-06  4.250E-09  5.495E-06
                1.649E-06  2.336E-02  2.086E-05  4.817E-03  3.928E-07  8.833E-01
                2.053E-02  1.121E+01  3.368E+01  5.614E+01  4.457E-21  2.727E-01
                4.552E-01  6.469E-01  3.115E-03  3.704E-03  1.129E-03  2.802E-01
                6.332E-49  1.655E+01  2.799E-04  3.023E-02  1.915E-06  1.476E-07
                6.304E-01  7.219E-03  1.245E+01  3.726E+01  6.026E-02  1.776E-01
                2.440E-04  1.608E-20  8.838E-01  1.249E+01  7.021E+01  8.424E-02
                8.223E-05  2.045E-20  2.994E-03  1.376E-21  4.378E-01  3.553E+01
                1.798E-01  3.181E-02  1.230E-03  1.876E-03  2.167E-01  1.228E-03
                3.013E-01  1.482E-03  7.793E-06  5.866E+01
3.10767060E+00  2.660E-23  5.227E-54  2.102E-08  1.684E-24  6.457E-08  1.872E-04
                3.258E-22  8.122E-53  7.846E-10  5.501E-23  1.069E-08  8.030E-23
                1.741E-08  9.640E-24  2.545E-06  8.177E-06  1.314E+00  3.961E+00
                6.638E+00  1.764E-21  3.562E-04  9.132E-04  3.472E-02  1.108E-01
                2.064E-01  2.164E-19  3.281E-02  5.896E-02  9.299E-02  4.033E-04
                1.200E-05  1.673E-04  1.023E-02  3.959E-50  1.857E-08  7.607E-03
                2.970E-04  4.389E-05  6.022E-03  6.696E-50  2.825E-01  1.573E-05
                1.842E-03  1.076E-07  5.719E-09  2.311E-02  7.958E-04  8.064E-06
                2.202E-02  4.388E-05  5.133E-03  1.341E-02  1.660E-06  2.025E-01
                6.765E-01  3.656E-03  3.332E-03  4.554E-06  8.023E-22  2.675E-06
                3.397E-02  5.046E-03  1.195E-02  1.210E-02  1.032E-20  1.492E-02
                2.085E-01  1.360E+00  1.426E-03  1.470E-06  4.750E+00  2.147E-19
                1.373E-48  2.570E-05  8.213E-20  4.076E-04  1.176E-20  5.362E-04
                5.161E-21  7.837E-02  1.699E-01  5.463E-06  4.875E-09  6.808E-06
                2.028E-06  3.077E-02  2.742E-05  6.227E-03  5.066E-07  1.142E+00
                2.530E-02  1.165E+01  3.501E+01  5.831E+01  4.357E-21  3.048E-01
                5.078E-01  7.205E-01  3.474E-03  3.877E-03  1.106E-03  3.118E-01
                6.708E-49  1.713E+01  3.069E-04  3.705E-02  2.100E-06  1.446E-07
                7.009E-01  7.389E-03  1.289E+01  3.856E+01  7.377E-02  1.839E-01
                2.715E-04  1.636E-20  9.238E-01  1.294E+01  7.262E+01  8.728E-02
                9.135E-05  2.567E-20  3.349E-03  1.759E-21  4.896E-01  3.682E+01
                2.042E-01  3.845E-02  1.397E-03  1.931E-03  2.475E-01  1.466E-03
                3.104E-01  1.694E-03  9.534E-06  6.038E+01
3.37825898E+00  5.864E-23  1.216E-53  4.208E-08  3.691E-24  1.203E-07  3.743E-04
                5.878E-22  1.831E-52  1.930E-09  1.078E-22  2.279E-08  1.506E-22
                3.634E-08  1.987E-23  5.312E-06  1.955E-05  1.374E+00  4.141E+00
                6.934E+00  1.757E-21  3.770E-04  1.077E-03  4.404E-02  1.394E-01
                2.555E-01  1.816E-19  3.947E-02  7.012E-02  1.088E-01  4.797E-04
                1.534E-05  1.684E-04  1.154E-02  4.951E-50  1.868E-08  9.325E-03
                3.437E-04  4.872E-05  7.043E-03  7.027E-50  3.501E-01  1.856E-05
                2.268E-03  1.269E-07  6.353E-09  2.608E-02  8.155E-04  9.071E-06
                2.717E-02  4.871E-05  6.077E-03  1.574E-02  2.054E-06  2.526E-01
                8.314E-01  4.512E-03  4.099E-03  5.345E-06  9.354E-22  3.024E-06
                4.247E-02  6.085E-03  1.431E-02  1.419E-02  1.068E-20  1.884E-02
                2.594E-01  1.656E+00  1.774E-03  1.758E-06  4.940E+00  1.735E-19
                1.566E-48  3.136E-05  9.118E-20  4.843E-04  9.384E-21  6.271E-04
                6.126E-21  9.166E-02  2.092E-01  6.438E-06  5.318E-09  8.015E-06
                2.376E-06  3.784E-02  3.387E-05  7.572E-03  6.241E-07  1.389E+00
                2.964E-02  1.202E+01  3.610E+01  6.012E+01  4.183E-21  3.318E-01
                5.521E-01  7.827E-01  3.777E-03  4.021E-03  1.074E-03  3.381E-01
                6.909E-49  1.762E+01  3.230E-04  4.323E-02  2.210E-06  1.405E-07
                7.597E-01  7.531E-03  1.326E+01  3.965E+01  8.602E-02  1.891E-01
                2.944E-04  1.628E-20  9.577E-01  1.331E+01  7.464E+01  8.982E-02
                9.894E-05  2.950E-20  3.647E-03  2.071E-21  5.332E-01  3.789E+01
                2.259E-01  4.479E-02  1.546E-03  1.977E-03  2.753E-01  1.690E-03
                3.181E-01  1.884E-03  1.111E-05  6.181E+01
3.64884736E+00  1.103E-22  2.395E-53  7.447E-08  6.973E-24  2.007E-07  6.616E-04
                9.396E-22  3.716E-52  4.002E-09  1.846E-22  4.218E-08  2.489E-22
                6.555E-08  3.534E-23  9.582E-06  3.973E-05  1.428E+00  4.300E+00
                7.197E+00  1.703E-21  3.954E-04  1.230E-03  5.307E-02  1.669E-01
                3.021E-01  1.541E-19  4.577E-02  8.057E-02  1.234E-01  5.512E-04
                1.855E-05  1.672E-04  1.286E-02  5.875E-50  1.855E-08  1.092E-02
                3.824E-04  5.208E-05  7.970E-03  7.368E-50  4.146E-01  2.091E-05
                2.705E-03  1.430E-07  6.797E-09  2.905E-02  8.331E-04  1.009E-05
                3.201E-02  5.207E-05  6.942E-03  1.787E-02  2.425E-06  3.007E-01
                9.788E-01  5.391E-03  4.830E-03  6.061E-06  1.089E-21  3.371E-06
                5.056E-02  7.057E-03  1.650E-02  1.609E-02  1.079E-20  2.270E-02
                3.084E-01  1.935E+00  2.109E-03  2.024E-06  5.108E+00  1.429E-19
                1.755E-48  3.670E-05  9.954E-20  5.637E-04  7.555E-21  7.112E-04
                7.066E-21  1.039E-01  2.464E-01  7.360E-06  5.615E-09  9.173E-06
                2.710E-06  4.444E-02  4.008E-05  8.837E-03  7.432E-07  1.621E+00
                3.371E-02  1.233E+01  3.703E+01  6.165E+01  3.970E-21  3.545E-01
                5.892E-01  8.350E-01  4.031E-03  4.143E-03  1.033E-03  3.600E-01
                7.038E-49  1.803E+01  3.302E-04  4.875E-02  2.259E-06  1.353E-07
                8.088E-01  7.650E-03  1.357E+01  4.058E+01  9.697E-02  1.936E-01
                3.135E-04  1.598E-20  9.867E-01  1.362E+01  7.635E+01  9.198E-02
                1.053E-04  3.203E-20  3.897E-03  2.307E-21  5.697E-01  3.880E+01
                2.452E-01  5.079E-02  1.678E-03  2.017E-03  3.003E-01  1.901E-03
                3.246E-01  2.055E-03  1.252E-05  6.303E+01
3.91943574E+00  1.846E-22  4.254E-53  1.201E-07  1.178E-23  3.080E-07  1.066E-03
                1.372E-21  6.906E-52  7.328E-09  2.864E-22  7.022E-08  3.742E-22
                1.064E-07  5.636E-23  1.555E-05  7.166E-05  1.476E+00  4.443E+00
                7.433E+00  1.619E-21  4.121E-04  1.389E-03  6.168E-02  1.930E-01
                3.456E-01  1.320E-19  5.180E-02  9.052E-02  1.372E-01  6.191E-04
                2.160E-05  1.646E-04  1.416E-02  6.729E-50  1.826E-08  1.239E-02
                4.161E-04  5.430E-05  8.894E-03  7.580E-50  4.758E-01  2.281E-05
                3.147E-03  1.561E-07  7.093E-09  3.201E-02  8.489E-04  1.111E-05
                3.648E-02  5.428E-05  7.804E-03  1.998E-02  2.766E-06  3.466E-01
                1.118E+00  6.279E-03  5.520E-03  6.763E-06  1.257E-21  3.715E-06
                5.814E-02  8.034E-03  1.869E-02  1.797E-02  1.070E-20  2.645E-02
                3.549E-01  2.197E+00  2.427E-03  2.287E-06  5.259E+00  1.195E-19
                1.929E-48  4.169E-05  1.071E-19  6.545E-04  6.131E-21  7.966E-04
                7.957E-21  1.164E-01  2.809E-01  8.221E-06  5.798E-09  1.026E-05
                3.023E-06  5.051E-02  4.598E-05  1.002E-02  8.623E-07  1.839E+00
                3.762E-02  1.260E+01  3.783E+01  6.297E+01  3.742E-21  3.735E-01
                6.203E-01  8.788E-01  4.244E-03  4.247E-03  9.877E-04  3.783E-01
                7.052E-49  1.839E+01  3.304E-04  5.362E-02  2.261E-06  1.294E-07
                8.497E-01  7.753E-03  1.384E+01  4.138E+01  1.067E-01  1.975E-01
                3.294E-04  1.555E-20  1.012E+00  1.390E+01  7.784E+01  9.385E-02
                1.105E-04  3.346E-20  4.105E-03  2.471E-21  6.002E-01  3.958E+01
                2.622E-01  5.639E-02  1.794E-03  2.050E-03  3.227E-01  2.097E-03
                3.302E-01  2.208E-03  1.376E-05  6.409E+01
4.19002412E+00  2.828E-22  6.889E-53  1.802E-07  1.828E-23  4.427E-07  1.598E-03
                1.870E-21  1.193E-51  1.221E-08  4.122E-22  1.079E-07  5.235E-22
                1.596E-07  8.283E-23  2.333E-05  1.180E-04  1.519E+00  4.573E+00
                7.647E+00  1.520E-21  4.272E-04  1.569E-03  6.980E-02  2.175E-01
                3.861E-01  1.139E-19  5.790E-02  1.005E-01  1.510E-01  6.878E-04
                2.446E-05  1.611E-04  1.546E-02  7.493E-50  1.787E-08  1.373E-02
                4.484E-04  5.564E-05  9.701E-03  7.853E-50  5.333E-01  2.431E-05
                3.590E-03  1.663E-07  7.274E-09  3.493E-02  8.632E-04  1.213E-05
                4.059E-02  5.561E-05  8.583E-03  2.183E-02  3.075E-06  3.899E-01
                1.248E+00  7.166E-03  6.168E-03  7.386E-06  1.436E-21  4.056E-06
                6.516E-02  8.910E-03  2.065E-02  1.966E-02  1.048E-20  3.005E-02
                3.989E-01  2.441E+00  2.728E-03  2.525E-06  5.395E+00  1.013E-19
                2.095E-48  4.633E-05  1.139E-19  7.653E-04  5.010E-21  8.736E-04
                8.778E-21  1.277E-01  3.130E-01  9.020E-06  5.896E-09  1.120E-05
                3.296E-06  5.607E-02  5.156E-05  1.112E-02  9.799E-07  2.042E+00
                4.102E-02  1.283E+01  3.853E+01  6.412E+01  3.514E-21  3.895E-01
                6.463E-01  9.156E-01  4.422E-03  4.338E-03  9.388E-04  3.936E-01
                7.040E-49  1.871E+01  3.252E-04  5.792E-02  2.225E-06  1.231E-07
                8.839E-01  7.843E-03  1.407E+01  4.208E+01  1.153E-01  2.008E-01
                3.426E-04  1.504E-20  1.033E+00  1.413E+01  7.914E+01  9.548E-02
                1.149E-04  3.404E-20  4.279E-03  2.575E-21  6.256E-01  4.026E+01
                2.772E-01  6.160E-02  1.897E-03  2.080E-03  3.427E-01  2.279E-03
                3.351E-01  2.344E-03  1.487E-05  6.501E+01
