           8           2
          17          12         136
   0           1   0           3   0          -1   0          -3   0          -5   0           1   0          -3   0           3   0          -1   0          -3   0          -5   0           1   0           3   0           5   0           7   0           5   0          -3
    0.000000E+00    1.145905E+00    1.161331E+00    1.161421E+00    1.161606E+00
    1.163117E+00    1.173541E+00    1.352519E+00    1.356653E+00    1.356678E+00
    1.356729E+00    1.356986E+00    1.358976E+00    1.358985E+00    1.359001E+00
    1.359135E+00    1.359996E+00
1.14590485E+00  0.000E+00  0.000E+00  0.000E+00  0.000E+00  0.000E+00  0.000E+00
                0.000E+00  0.000E+00  0.000E+00  0.000E+00  0.000E+00  0.000E+00
                0.000E+00  0.000E+00  0.000E+00  0.000E+00  0.000E+00  0.000E+00
                0.000E+00  0.000E+00  0.000E+00  0.000E+00  0.000E+00  0.000E+00
                0.000E+00  0.000E+00  0.000E+00  0.000E+00  0.000E+00  0.000E+00
                0.000E+00  0.000E+00  0.000E+00  0.000E+00  0.000E+00  0.000E+00
                0.000E+00  0.000E+00  0.000E+00  0.000E+00  0.000E+00  0.000E+00
                0.000E+00  0.000E+00  0.000E+00  0.000E+00  0.000E+00  0.000E+00
                0.000E+00  0.000E+00  0.000E+00  0.000E+00  0.000E+00  0.000E+00
                0.000E+00  0.000E+00  0.000E+00  0.000E+00  0.000E+00  0.000E+00
                0.000E+00  0.000E+00  0.000E+00  0.000E+00  0.000E+00  0.000E+00
                0.000E+00  0.000E+00  0.000E+00  0.000E+00  0.000E+00  0.000E+00
                0.000E+00  0.000E+00  0.000E+00  0.000E+00  0.000E+00  0.000E+00
                0.000E+00  0.000E+00  0.000E+00  0.000E+00  0.000E+00  0.000E+00
                0.000E+00  0.000E+00  0.000E+00  0.000E+00  0.000E+00  0.000E+00
                0.000E+00  0.000E+00  0.000E+00  0.000E+00  0.000E+00  0.000E+00
                0.000E+00  0.000E+00  0.000E+00  0.000E+00  0.000E+00  0.000E+00
                0.000E+00  0.000E+00  0.000E+00  0.000E+00  0.000E+00  0.000E+00
                0.000E+00  0.000E+00  0.000E+00  0.000E+00  0.000E+00  0.000E+00
                0.000E+00  0.000E+00  0.000E+00  0.000E+00  0.000E+00  0.000E+00
                0.000E+00  0.000E+00  0.000E+00  0.000E+00  0.000E+00  0.000E+00
                0.000E+00  0.000E+00  0.000E+00  0.000E+00  0.000E+00  0.000E+00
                0.000E+00  0.000E+00  0.000E+00  0.000E+00
1.41649323E+00  2.991E-32  4.884E-64  1.529E-14  2.694E-34  1.083E-09  1.379E-10
                4.463E-28  5.234E-58  1.430E-17  2.039E-29  1.366E-12  2.873E-29
                1.928E-13  1.644E-31  2.819E-11  1.793E-13  4.183E-01  1.296E+00
                2.281E+00  2.920E-22  1.099E-04  7.896E-09  6.950E-08  6.778E-08
                8.015E-08  1.508E-18  9.196E-10  1.437E-08  2.719E-07  9.834E-11
                1.068E-07  4.282E-05  1.635E-03  7.284E-54  4.742E-09  4.304E-07
                2.009E-09  8.819E-10  4.636E-09  3.094E-50  6.001E-07  6.883E-11
                1.083E-07  4.709E-13  6.563E-12  3.721E-03  4.784E-04  1.285E-06
                3.423E-07  1.642E-10  3.124E-09  4.860E-09  8.230E-07  1.095E-07
                4.647E-07  1.846E-07  9.730E-07  1.029E-08  8.197E-25  4.154E-07
                5.969E-07  2.863E-09  5.913E-09  2.982E-08  4.618E-21  2.070E-08
                2.374E-07  2.761E-06  1.624E-09  3.405E-10  1.875E+00  2.260E-18
                4.523E-49  1.351E-07  1.919E-20  2.245E-09  2.432E-21  2.610E-10
                1.265E-22  3.816E-08  2.009E-08  7.202E-07  5.859E-10  6.958E-09
                5.022E-09  8.037E-10  2.733E-07  8.119E-07  3.694E-11  6.982E-07
                1.543E-08  2.697E+00  8.380E+00  1.482E+01  1.099E-20  2.411E-02
                4.326E-02  6.803E-02  2.954E-04  8.589E-04  5.017E-03  1.852E-02
                1.156E-49  5.487E+00  3.386E-05  4.803E-05  2.317E-07  6.554E-07
                5.049E-02  3.751E-03  4.085E+00  1.264E+01  1.755E-04  6.450E-02
                1.596E-05  3.599E-21  2.675E-01  4.133E+00  2.453E+01  2.725E-02
                6.575E-06  4.401E-23  2.325E-04  1.325E-23  3.395E-02  1.044E+01
                1.186E-02  1.287E-03  8.140E-05  7.835E-04  1.415E-02  1.504E-04
                1.275E-01  9.708E-05  2.290E-08  2.499E+01
1.68708161E+00  4.084E-29  1.360E-59  9.533E-13  4.702E-30  1.270E-09  8.598E-09
                2.740E-26  1.189E-56  1.565E-14  1.750E-27  7.834E-10  3.568E-27
                1.821E-11  8.627E-29  2.662E-09  1.184E-10  7.186E-01  2.191E+00
                3.742E+00  3.679E-22  1.743E-04  9.835E-06  1.402E-04  5.502E-04
                1.493E-03  8.731E-19  3.758E-04  9.034E-04  2.108E-03  6.180E-06
                6.777E-08  7.550E-05  3.147E-03  1.854E-52  8.377E-09  6.115E-05
                3.581E-06  8.168E-07  1.330E-04  4.217E-50  1.940E-03  1.253E-07
                7.828E-05  8.574E-10  1.014E-10  7.108E-03  5.992E-04  2.529E-06
                1.567E-04  8.267E-07  7.830E-05  2.713E-04  7.194E-07  1.207E-03
                5.958E-03  1.464E-04  3.328E-05  8.448E-08  5.385E-23  8.065E-07
                1.900E-04  5.479E-05  1.523E-04  2.165E-04  4.598E-21  1.178E-04
                1.498E-03  1.586E-02  1.025E-05  1.737E-08  2.873E+00  1.275E-18
                4.394E-49  5.069E-07  3.432E-20  4.722E-06  3.657E-20  1.185E-05
                6.506E-22  1.732E-03  1.218E-03  9.329E-07  4.586E-10  1.478E-07
                6.751E-08  2.072E-04  6.222E-07  6.358E-05  1.951E-08  1.263E-02
                4.590E-04  7.018E+00  2.121E+01  3.565E+01  4.886E-21  8.099E-02
                1.374E-01  1.993E-01  9.400E-04  2.092E-03  1.878E-03  8.041E-02
                2.570E-49  1.116E+01  6.413E-05  2.022E-03  4.387E-07  2.452E-07
                1.843E-01  5.616E-03  8.395E+00  2.524E+01  4.101E-03  1.205E-01
                7.009E-05  7.195E-21  5.650E-01  8.424E+00  4.789E+01  5.639E-02
                2.436E-05  2.121E-23  8.500E-04  5.738E-23  1.243E-01  2.333E+01
                4.788E-02  5.911E-03  3.278E-04  1.364E-03  5.581E-02  2.568E-04
                2.169E-01  3.820E-04  5.327E-07  4.268E+01
1.95766999E+00  7.853E-27  1.476E-57  4.209E-11  8.517E-28  1.129E-09  3.783E-07
                1.075E-24  1.395E-55  1.050E-13  7.913E-26  1.127E-09  1.932E-25
                2.751E-11  7.200E-27  4.022E-09  2.013E-09  9.041E-01  2.743E+00
                4.641E+00  6.959E-22  2.241E-04  9.194E-05  2.027E-03  7.165E-03
                1.620E-02  5.871E-19  3.554E-03  7.347E-03  1.407E-02  5.026E-05
                5.071E-07  1.065E-04  4.550E-03  2.540E-51  1.183E-08  6.416E-04
                3.231E-05  6.374E-06  9.008E-04  4.864E-50  2.216E-02  1.446E-06
                3.203E-04  9.891E-09  8.117E-10  1.024E-02  6.623E-04  3.629E-06
                1.734E-03  6.391E-06  6.352E-04  1.916E-03  5.399E-07  1.471E-02
                5.939E-02  6.141E-04  2.982E-04  6.085E-07  2.592E-22  1.168E-06
                2.323E-03  5.314E-04  1.357E-03  1.626E-03  5.724E-21  1.107E-03
                1.614E-02  1.357E-01  1.104E-04  1.640E-07  3.463E+00  7.742E-19
                5.326E-49  2.708E-06  4.231E-20  4.361E-05  3.269E-20  8.157E-05
                1.467E-21  1.192E-02  1.362E-02  1.411E-06  1.113E-09  9.603E-07
                3.259E-07  2.414E-03  2.808E-06  6.070E-04  8.167E-08  1.131E-01
                3.509E-03  8.697E+00  2.619E+01  4.383E+01  4.039E-21  1.319E-01
                2.224E-01  3.197E-01  1.522E-03  2.725E-03  1.308E-03  1.357E-01
                3.834E-49  1.331E+01  1.177E-04  6.819E-03  8.053E-07  1.706E-07
                3.071E-01  6.256E-03  1.001E+01  3.002E+01  1.371E-02  1.430E-01
                1.179E-04  1.053E-20  6.824E-01  1.004E+01  5.678E+01  6.745E-02
                4.034E-05  1.300E-21  1.426E-03  1.849E-22  2.085E-01  2.821E+01
                8.204E-02  1.097E-02  5.615E-04  1.569E-03  9.659E-02  4.507E-04
                2.505E-01  6.610E-04  1.778E-06  4.908E+01
2.22825837E+00  2.002E-25  3.735E-56  4.314E-10  1.647E-26  2.833E-09  3.867E-06
                9.638E-24  1.349E-54  3.005E-12  9.968E-25  1.275E-09  1.947E-24
                2.005E-10  1.199E-25  2.931E-08  4.394E-08  1.037E+00  3.138E+00
                5.287E+00  1.118E-21  2.645E-04  2.607E-04  6.981E-03  2.355E-02
                4.892E-02  4.352E-19  9.529E-03  1.849E-02  3.251E-02  1.265E-04
                2.125E-06  1.328E-04  5.934E-03  8.634E-51  1.475E-08  1.888E-03
                8.938E-05  1.608E-05  2.087E-03  5.366E-50  6.725E-02  4.297E-06
                6.257E-04  2.940E-08  2.078E-09  1.339E-02  7.058E-04  4.746E-06
                5.246E-03  1.610E-05  1.607E-03  4.530E-03  5.767E-07  4.611E-02
                1.709E-01  1.217E-03  8.445E-04  1.500E-06  4.406E-22  1.535E-06
                7.453E-03  1.437E-03  3.548E-03  3.979E-03  7.080E-21  3.323E-03
                4.884E-02  3.679E-01  3.341E-04  4.349E-07  3.881E+00  5.256E-19
                7.076E-49  6.960E-06  5.085E-20  1.211E-04  2.586E-20  1.886E-04
                2.262E-21  2.756E-02  4.109E-02  2.210E-06  2.143E-09  2.272E-06
                7.145E-07  7.380E-03  7.139E-06  1.679E-03  1.648E-07  3.091E-01
                8.495E-03  9.746E+00  2.932E+01  4.896E+01  4.203E-21  1.809E-01
                3.039E-01  4.344E-01  2.079E-03  3.132E-03  1.186E-03  1.874E-01
                4.826E-49  1.465E+01  1.754E-04  1.341E-02  1.200E-06  1.547E-07
                4.218E-01  6.657E-03  1.103E+01  3.302E+01  2.686E-02  1.573E-01
                1.629E-04  1.321E-20  7.615E-01  1.105E+01  6.236E+01  7.440E-02
                5.523E-05  5.879E-21  1.974E-03  4.575E-22  2.886E-01  3.126E+01
                1.151E-01  1.707E-02  7.878E-04  1.697E-03  1.365E-01  6.789E-04
                2.716E-01  9.342E-04  3.479E-06  5.306E+01
2.49884675E+00  1.643E-24  3.090E-55  2.124E-09  1.159E-25  8.497E-09  1.899E-05
                4.204E-23  6.990E-54  3.351E-11  5.376E-24  1.302E-09  9.191E-24
                1.284E-09  7.674E-25  1.877E-07  4.048E-07  1.141E+00  3.446E+00
                5.792E+00  1.456E-21  2.980E-04  4.693E-04  1.435E-02  4.720E-02
                9.336E-02  3.404E-19  1.667E-02  3.123E-02  5.229E-02  2.137E-04
                4.707E-06  1.504E-04  7.272E-03  1.748E-50  1.670E-08  3.537E-03
                1.580E-04  2.635E-05  3.369E-03  5.810E-50  1.281E-01  7.896E-06
                9.638E-04  5.402E-08  3.421E-09  1.640E-02  7.395E-04  5.791E-06
                1.000E-02  2.636E-05  2.723E-03  7.398E-03  8.151E-07  8.958E-02
                3.165E-01  1.892E-03  1.559E-03  2.489E-06  5.633E-22  1.888E-06
                1.473E-02  2.530E-03  6.132E-03  6.609E-03  8.384E-21  6.442E-03
                9.346E-02  6.601E-01  6.392E-04  7.547E-07  4.207E+00  3.816E-19
                9.145E-49  1.240E-05  6.032E-20  2.139E-04  2.016E-20  3.026E-04
                3.084E-21  4.423E-02  7.790E-02  3.171E-06  3.182E-09  3.724E-06
                1.137E-06  1.408E-02  1.285E-05  3.025E-03  2.599E-07  5.552E-01
                1.396E-02  1.050E+01  3.157E+01  5.266E+01  4.405E-21  2.247E-01
                3.763E-01  5.365E-01  2.575E-03  3.427E-03  1.153E-03  2.324E-01
                5.657E-49  1.563E+01  2.290E-04  2.104E-02  1.567E-06  1.505E-07
                5.234E-01  6.947E-03  1.176E+01  3.520E+01  4.203E-02  1.677E-01
                2.022E-04  1.497E-20  8.227E-01  1.179E+01  6.640E+01  7.945E-02
                6.840E-05  1.238E-20  2.463E-03  8.465E-22  3.600E-01  3.346E+01
                1.453E-01  2.339E-02  9.941E-04  1.789E-03  1.737E-01  9.210E-04
                2.869E-01  1.189E-03  5.440E-06  5.594E+01
2.76943513E+00  7.130E-24  1.356E-54  6.913E-09  4.675E-25  2.380E-08  6.169E-05
                1.224E-22  2.406E-53  1.774E-10  1.810E-23  3.085E-09  2.843E-23
                5.084E-09  2.892E-24  7.432E-07  1.959E-06  1.226E+00  3.698E+00
                6.206E+00  1.662E-21  3.262E-04  6.785E-04  2.309E-02  7.468E-02
                1.431E-01  2.748E-19  2.398E-02  4.394E-02  7.125E-02  3.006E-04
                7.827E-06  1.611E-04  8.581E-03  2.707E-50  1.788E-08  5.346E-03
                2.250E-04  3.534E-05  4.606E-03  6.151E-50  1.959E-01  1.157E-05
                1.336E-03  7.913E-08  4.598E-09  1.937E-02  7.670E-04  6.799E-06
                1.530E-02  3.534E-05  3.836E-03  1.019E-02  1.166E-06  1.388E-01
                4.758E-01  2.638E-03  2.342E-03  3.451E-06  6.641E-22  2.237E-06
                2.310E-02  3.667E-03  8.777E-03  9.174E-03  9.445E-21  1.007E-02
                1.437E-01  9.726E-01  9.829E-04  1.081E-06  4.473E+00  2.897E-19
                1.116E-48  1.831E-05  7.012E-20  3.049E-04  1.578E-20  4.115E-04
                3.976E-21  6.015E-02  1.186E-01  4.192E-06  4.062E-09  5.151E-06
                1.549E-06  2.148E-02  1.922E-05  4.458E-03  3.651E-07  8.176E-01
                1.926E-02  1.108E+01  3.331E+01  5.552E+01  4.464E-21  2.638E-01
                4.406E-01  6.265E-01  3.015E-03  3.655E-03  1.134E-03  2.715E-01
                6.237E-49  1.639E+01  2.713E-04  2.845E-02  1.856E-06  1.482E-07
                6.108E-01  7.170E-03  1.233E+01  3.689E+01  5.671E-02  1.758E-01
                2.364E-04  1.594E-20  8.726E-01  1.237E+01  6.953E+01  8.339E-02
                7.970E-05  1.894E-20  2.896E-03  1.272E-21  4.235E-01  3.516E+01
                1.732E-01  3.012E-02  1.185E-03  1.861E-03  2.084E-01  1.167E-03
                2.987E-01  1.426E-03  7.335E-06  5.818E+01
3.04002351E+00  2.115E-23  4.179E-54  1.726E-08  1.344E-24  5.409E-08  1.537E-04
                2.745E-22  6.545E-53  6.054E-10  4.528E-23  8.599E-09  6.693E-23
                1.406E-08  7.813E-24  2.055E-06  6.365E-06  1.297E+00  3.912E+00
                6.558E+00  1.755E-21  3.506E-04  8.691E-04  3.238E-02  1.036E-01
                1.939E-01  2.265E-19  3.108E-02  5.605E-02  8.882E-02  3.834E-04
                1.116E-05  1.666E-04  9.901E-03  3.721E-50  1.849E-08  7.162E-03
                2.839E-04  4.241E-05  5.751E-03  6.524E-50  2.653E-01  1.495E-05
                1.738E-03  1.023E-07  5.526E-09  2.236E-02  7.904E-04  7.810E-06
                2.069E-02  4.241E-05  4.883E-03  1.280E-02  1.560E-06  1.898E-01
                6.368E-01  3.446E-03  3.136E-03  4.343E-06  7.723E-22  2.588E-06
                3.180E-02  4.777E-03  1.133E-02  1.154E-02  1.019E-20  1.394E-02
                1.956E-01  1.284E+00  1.338E-03  1.395E-06  4.699E+00  2.272E-19
                1.325E-48  2.424E-05  7.978E-20  3.880E-04  1.246E-20  5.123E-04
                4.921E-21  7.488E-02  1.597E-01  5.212E-06  4.736E-09  6.489E-06
                1.936E-06  2.894E-02  2.579E-05  5.880E-03  4.776E-07  1.078E+00
                2.415E-02  1.155E+01  3.470E+01  5.781E+01  4.391E-21  2.973E-01
                4.955E-01  7.032E-01  3.390E-03  3.837E-03  1.113E-03  3.045E-01
                6.636E-49  1.700E+01  3.013E-04  3.541E-02  2.061E-06  1.455E-07
                6.845E-01  7.350E-03  1.279E+01  3.826E+01  7.049E-02  1.824E-01
                2.651E-04  1.633E-20  9.144E-01  1.283E+01  7.206E+01  8.657E-02
                8.922E-05  2.449E-20  3.266E-03  1.669E-21  4.775E-01  3.652E+01
                1.984E-01  3.681E-02  1.357E-03  1.918E-03  2.401E-01  1.407E-03
                3.083E-01  1.643E-03  9.112E-06  5.998E+01
3.31061189E+00  4.895E-23  1.008E-53  3.584E-08  3.081E-24  1.042E-07  3.189E-04
                5.136E-22  1.522E-52  1.570E-09  9.239E-23  1.915E-08  1.304E-22
                3.072E-08  1.684E-23  4.490E-06  1.600E-05  1.360E+00  4.098E+00
                6.863E+00  1.764E-21  3.720E-04  1.038E-03  4.173E-02  1.323E-01
                2.435E-01  1.895E-19  3.784E-02  6.740E-02  1.050E-01  4.611E-04
                1.451E-05  1.683E-04  1.121E-02  4.712E-50  1.868E-08  8.906E-03
                3.329E-04  4.766E-05  6.796E-03  6.850E-50  3.334E-01  1.789E-05
                2.160E-03  1.224E-07  6.214E-09  2.534E-02  8.108E-04  8.819E-06
                2.591E-02  4.765E-05  5.848E-03  1.518E-02  1.957E-06  2.402E-01
                7.934E-01  4.295E-03  3.910E-03  5.154E-06  9.001E-22  2.937E-06
                4.038E-02  5.831E-03  1.373E-02  1.369E-02  1.062E-20  1.786E-02
                2.469E-01  1.584E+00  1.688E-03  1.688E-06  4.895E+00  1.826E-19
                1.520E-48  2.997E-05  8.898E-20  4.652E-04  9.920E-21  6.050E-04
                5.886E-21  8.843E-02  1.996E-01  6.199E-06  5.222E-09  7.722E-06
                2.292E-06  3.611E-02  3.228E-05  7.243E-03  5.945E-07  1.328E+00
                2.859E-02  1.194E+01  3.585E+01  5.970E+01  4.231E-21  3.255E-01
                5.417E-01  7.681E-01  3.706E-03  3.987E-03  1.083E-03  3.320E-01
                6.850E-49  1.751E+01  3.200E-04  4.175E-02  2.189E-06  1.416E-07
                7.461E-01  7.497E-03  1.317E+01  3.939E+01  8.307E-02  1.879E-01
                2.891E-04  1.632E-20  9.497E-01  1.322E+01  7.416E+01  8.922E-02
                9.718E-05  2.867E-20  3.578E-03  2.000E-21  5.231E-01  3.764E+01
                2.208E-01  4.324E-02  1.510E-03  1.967E-03  2.686E-01  1.635E-03
                3.163E-01  1.838E-03  1.073E-05  6.148E+01
3.58120026E+00  9.537E-23  2.040E-53  6.519E-08  6.017E-24  1.782E-07  5.793E-04
                8.435E-22  3.111E-52  3.379E-09  1.631E-22  3.656E-08  2.217E-22
                5.720E-08  3.095E-23  8.361E-06  3.370E-05  1.415E+00  4.262E+00
                7.134E+00  1.720E-21  3.910E-04  1.192E-03  5.084E-02  1.602E-01
                2.907E-01  1.604E-19  4.422E-02  7.802E-02  1.199E-01  5.337E-04
                1.776E-05  1.677E-04  1.253E-02  5.625E-50  1.860E-08  1.054E-02
                3.733E-04  5.136E-05  7.746E-03  7.181E-50  3.988E-01  2.036E-05
                2.595E-03  1.393E-07  6.702E-09  2.831E-02  8.289E-04  9.842E-06
                3.083E-02  5.135E-05  6.732E-03  1.736E-02  2.335E-06  2.889E-01
                9.427E-01  5.169E-03  4.651E-03  5.888E-06  1.049E-21  3.284E-06
                4.859E-02  6.821E-03  1.597E-02  1.563E-02  1.078E-20  2.175E-02
                2.964E-01  1.867E+00  2.027E-03  1.960E-06  5.068E+00  1.497E-19
                1.702E-48  3.540E-05  9.752E-20  5.431E-04  7.970E-21  6.907E-04
                6.835E-21  1.010E-01  2.373E-01  7.135E-06  5.552E-09  8.878E-06
                2.625E-06  4.284E-02  3.855E-05  8.529E-03  7.133E-07  1.565E+00
                3.265E-02  1.226E+01  3.681E+01  6.129E+01  4.025E-21  3.493E-01
                5.805E-01  8.227E-01  3.972E-03  4.114E-03  1.044E-03  3.550E-01
                6.976E-49  1.794E+01  3.291E-04  4.743E-02  2.252E-06  1.367E-07
                7.973E-01  7.622E-03  1.349E+01  4.036E+01  9.435E-02  1.925E-01
                3.091E-04  1.607E-20  9.799E-01  1.355E+01  7.595E+01  9.147E-02
                1.038E-04  3.151E-20  3.839E-03  2.255E-21  5.612E-01  3.859E+01
                2.406E-01  4.934E-02  1.646E-03  2.007E-03  2.943E-01  1.850E-03
                3.230E-01  2.013E-03  1.218E-05  6.275E+01
3.85178864E+00  1.639E-22  3.701E-53  1.074E-07  1.043E-23  2.787E-07  9.530E-04
                1.257E-21  5.950E-52  6.362E-09  2.586E-22  6.231E-08  3.405E-22
                9.506E-08  5.058E-23  1.389E-05  6.242E-05  1.464E+00  4.409E+00
                7.376E+00  1.642E-21  4.081E-04  1.347E-03  5.957E-02  1.866E-01
                3.350E-01  1.371E-19  5.026E-02  8.797E-02  1.336E-01  6.018E-04
                2.086E-05  1.654E-04  1.384E-02  6.504E-50  1.835E-08  1.204E-02
                4.079E-04  5.383E-05  8.672E-03  7.479E-50  4.608E-01  2.238E-05
                3.036E-03  1.531E-07  7.031E-09  3.127E-02  8.451E-04  1.087E-05
                3.540E-02  5.382E-05  7.596E-03  1.947E-02  2.684E-06  3.353E-01
                1.084E+00  6.056E-03  5.351E-03  6.592E-06  1.214E-21  3.629E-06
                5.629E-02  7.799E-03  1.816E-02  1.752E-02  1.074E-20  2.553E-02
                3.435E-01  2.133E+00  2.349E-03  2.223E-06  5.222E+00  1.248E-19
                1.883E-48  4.048E-05  1.053E-19  6.302E-04  6.455E-21  7.759E-04
                7.739E-21  1.134E-01  2.725E-01  8.011E-06  5.761E-09  9.999E-06
                2.949E-06  4.904E-02  4.454E-05  9.732E-03  8.325E-07  1.786E+00
                3.669E-02  1.254E+01  3.764E+01  6.266E+01  3.800E-21  3.691E-01
                6.130E-01  8.686E-01  4.194E-03  4.222E-03  9.995E-04  3.741E-01
                7.055E-49  1.831E+01  3.310E-04  5.246E-02  2.264E-06  1.309E-07
                8.401E-01  7.729E-03  1.377E+01  4.119E+01  1.043E-01  1.965E-01
                3.257E-04  1.567E-20  1.006E+00  1.383E+01  7.749E+01  9.340E-02
                1.093E-04  3.319E-20  4.057E-03  2.436E-21  5.931E-01  3.940E+01
                2.581E-01  5.503E-02  1.766E-03  2.042E-03  3.173E-01  2.050E-03
                3.288E-01  2.171E-03  1.347E-05  6.384E+01
4.12237702E+00  2.561E-22  6.146E-53  1.638E-07  1.649E-23  4.065E-07  1.453E-03
                1.741E-21  1.048E-51  1.083E-08  3.786E-22  9.752E-08  4.842E-22
                1.451E-07  7.573E-23  2.121E-05  1.049E-04  1.509E+00  4.542E+00
                7.595E+00  1.546E-21  4.235E-04  1.521E-03  6.782E-02  2.116E-01
                3.763E-01  1.181E-19  5.643E-02  9.813E-02  1.477E-01  6.712E-04
                2.376E-05  1.621E-04  1.513E-02  7.312E-50  1.797E-08  1.341E-02
                4.402E-04  5.537E-05  9.510E-03  7.776E-50  5.193E-01  2.397E-05
                3.479E-03  1.640E-07  7.237E-09  3.420E-02  8.598E-04  1.189E-05
                3.960E-02  5.535E-05  8.396E-03  2.139E-02  3.001E-06  3.793E-01
                1.216E+00  6.945E-03  6.010E-03  7.241E-06  1.391E-21  3.971E-06
                6.345E-02  8.701E-03  2.018E-02  1.926E-02  1.054E-20  2.917E-02
                3.881E-01  2.382E+00  2.654E-03  2.468E-06  5.362E+00  1.054E-19
                2.047E-48  4.520E-05  1.123E-19  7.353E-04  5.266E-21  8.552E-04
                8.580E-21  1.250E-01  3.052E-01  8.826E-06  5.878E-09  1.098E-05
                3.231E-06  5.473E-02  5.020E-05  1.085E-02  9.507E-07  1.993E+00
                4.021E-02  1.278E+01  3.836E+01  6.385E+01  3.571E-21  3.858E-01
                6.403E-01  9.070E-01  4.381E-03  4.316E-03  9.512E-04  3.900E-01
                7.038E-49  1.863E+01  3.269E-04  5.689E-02  2.236E-06  1.247E-07
                8.759E-01  7.822E-03  1.401E+01  4.191E+01  1.132E-01  2.000E-01
                3.395E-04  1.517E-20  1.028E+00  1.408E+01  7.883E+01  9.509E-02
                1.139E-04  3.397E-20  4.239E-03  2.554E-21  6.197E-01  4.010E+01
                2.736E-01  6.033E-02  1.872E-03  2.073E-03  3.379E-01  2.235E-03
                3.339E-01  2.312E-03  1.461E-05  6.479E+01
