           8           2
          17          12         136
   0           1   0           3   0          -1   0          -3   0          -5   0           1   0          -3   0           3   0          -1   0          -3   0          -5   0           1   0           3   0           5   0           7   0           5   0          -3
    0.000000E+00    1.145905E+00    1.161331E+00    1.161421E+00    1.161606E+00
    1.163117E+00    1.173541E+00    1.352519E+00    1.356653E+00    1.356678E+00
    1.356729E+00    1.356986E+00    1.358976E+00    1.358985E+00    1.359001E+00
    1.359135E+00    1.359996E+00
1.28119904E+00  9.481E-31  8.891E-62  2.373E-16  1.157E-32  3.174E-10  2.143E-12
                0.000E+00  0.000E+00  0.000E+00  0.000E+00  0.000E+00  0.000E+00
                0.000E+00  0.000E+00  0.000E+00  0.000E+00  1.760E-01  5.637E-01
                1.059E+00  7.151E-19  5.677E-05  0.000E+00  0.000E+00  0.000E+00
                0.000E+00  0.000E+00  0.000E+00  0.000E+00  0.000E+00  0.000E+00
                0.000E+00  1.571E-05  7.929E-04  9.743E-51  1.741E-09  0.000E+00
                0.000E+00  0.000E+00  0.000E+00  0.000E+00  0.000E+00  0.000E+00
                0.000E+00  0.000E+00  0.000E+00  1.826E-03  3.240E-04  5.568E-07
                0.000E+00  0.000E+00  0.000E+00  0.000E+00  0.000E+00  0.000E+00
                0.000E+00  0.000E+00  0.000E+00  0.000E+00  1.952E-21  1.854E-07
                0.000E+00  0.000E+00  0.000E+00  0.000E+00  0.000E+00  0.000E+00
                0.000E+00  0.000E+00  0.000E+00  0.000E+00  9.509E-01  0.000E+00
                0.000E+00  0.000E+00  0.000E+00  0.000E+00  0.000E+00  0.000E+00
                0.000E+00  0.000E+00  0.000E+00  0.000E+00  0.000E+00  0.000E+00
                0.000E+00  0.000E+00  0.000E+00  0.000E+00  0.000E+00  0.000E+00
                0.000E+00  0.000E+00  0.000E+00  0.000E+00  0.000E+00  0.000E+00
                0.000E+00  0.000E+00  0.000E+00  0.000E+00  0.000E+00  0.000E+00
                0.000E+00  0.000E+00  0.000E+00  0.000E+00  0.000E+00  0.000E+00
                0.000E+00  0.000E+00  0.000E+00  0.000E+00  0.000E+00  0.000E+00
                0.000E+00  0.000E+00  0.000E+00  0.000E+00  0.000E+00  0.000E+00
                0.000E+00  0.000E+00  0.000E+00  0.000E+00  0.000E+00  0.000E+00
                0.000E+00  0.000E+00  0.000E+00  0.000E+00  0.000E+00  0.000E+00
                0.000E+00  0.000E+00  0.000E+00  0.000E+00
1.55178742E+00  2.921E-29  2.971E-60  8.583E-14  5.064E-31  9.571E-10  7.793E-10
                1.963E-27  1.033E-56  1.059E-14  4.260E-28  3.228E-10  1.331E-28
                1.885E-11  1.518E-29  2.755E-09  7.612E-11  5.901E-01  1.809E+00
                3.119E+00  3.054E-22  1.447E-04  8.344E-07  6.764E-06  2.926E-05
                9.511E-05  1.135E-18  2.492E-05  7.341E-05  2.171E-04  5.022E-07
                1.014E-07  5.964E-05  2.411E-03  1.391E-53  6.614E-09  4.177E-06
                2.346E-07  1.485E-07  1.278E-05  3.863E-50  1.071E-04  7.294E-09
                1.398E-05  4.990E-11  1.876E-11  5.460E-03  5.518E-04  1.935E-06
                9.674E-06  1.525E-07  5.827E-06  2.486E-05  8.204E-07  6.309E-05
                4.061E-04  2.561E-05  3.764E-06  2.093E-08  6.352E-24  6.173E-07
                1.145E-05  2.870E-06  9.689E-06  1.852E-05  4.327E-21  1.147E-05
                1.021E-04  1.355E-03  6.982E-07  1.251E-09  2.456E+00  1.746E-18
                4.382E-49  1.941E-07  2.935E-20  3.975E-07  2.974E-20  1.114E-06
                2.971E-22  1.628E-04  7.207E-05  8.531E-07  4.111E-10  2.379E-08
                1.796E-08  1.131E-05  3.179E-07  4.215E-06  3.565E-09  9.814E-04
                3.520E-05  5.579E+00  1.694E+01  2.868E+01  6.941E-21  5.537E-02
                9.461E-02  1.388E-01  6.471E-04  1.598E-03  2.855E-03  5.069E-02
                1.915E-49  9.318E+00  3.916E-05  5.160E-04  2.679E-07  3.729E-07
                1.194E-01  5.059E-03  7.000E+00  2.114E+01  1.095E-03  1.016E-01
                4.454E-05  5.453E-21  4.680E-01  7.037E+00  4.028E+01  4.690E-02
                1.588E-05  6.465E-23  5.530E-04  2.890E-23  8.090E-02  1.912E+01
                3.028E-02  3.662E-03  2.074E-04  1.186E-03  3.519E-02  1.800E-04
                1.879E-01  2.410E-04  1.424E-07  3.709E+01
1.82237580E+00  7.832E-28  1.418E-58  8.119E-12  9.927E-29  1.234E-09  7.302E-08
                2.245E-25  3.212E-56  2.527E-14  1.373E-26  1.086E-09  3.673E-26
                1.554E-11  1.001E-27  2.272E-09  3.726E-10  8.203E-01  2.494E+00
                4.234E+00  5.047E-22  2.006E-04  3.838E-05  7.222E-04  2.657E-03
                6.450E-03  7.043E-19  1.518E-03  3.318E-03  6.847E-03  2.270E-05
                1.562E-07  9.112E-05  3.853E-03  9.207E-52  1.012E-08  2.598E-04
                1.372E-05  2.882E-06  4.368E-04  4.528E-50  8.712E-03  5.676E-07
                1.871E-04  3.883E-09  3.622E-10  8.690E-03  6.343E-04  3.088E-06
                6.869E-04  2.898E-06  2.868E-04  9.138E-04  6.108E-07  5.634E-03
                2.452E-02  3.550E-04  1.263E-04  2.803E-07  1.495E-22  9.886E-07
                8.810E-04  2.255E-04  5.934E-04  7.554E-04  5.110E-21  4.557E-04
                6.428E-03  5.920E-02  4.398E-05  7.041E-08  3.198E+00  9.756E-19
                4.796E-49  1.316E-06  3.838E-20  1.834E-05  3.574E-20  3.941E-05
                1.057E-21  5.761E-03  5.389E-03  1.120E-06  7.125E-10  4.640E-07
                1.725E-07  9.413E-04  1.420E-06  2.569E-04  4.696E-08  4.867E-02
                1.630E-03  7.978E+00  2.406E+01  4.032E+01  4.198E-21  1.066E-01
                1.801E-01  2.599E-01  1.232E-03  2.450E-03  1.484E-03  1.085E-01
                3.219E-49  1.239E+01  9.043E-05  4.153E-03  6.187E-07  1.937E-07
                2.466E-01  5.982E-03  9.320E+00  2.797E+01  8.370E-03  1.333E-01
                9.440E-05  8.902E-21  6.311E-01  9.347E+00  5.297E+01  6.270E-02
                3.248E-05  2.772E-22  1.141E-03  1.052E-22  1.668E-01  2.612E+01
                6.514E-02  8.337E-03  4.459E-04  1.481E-03  7.631E-02  3.489E-04
                2.361E-01  5.223E-04  1.086E-06  4.634E+01
2.09296418E+00  4.759E-26  9.211E-57  1.528E-10  4.437E-27  1.671E-09  1.372E-06
                3.640E-24  4.985E-55  6.060E-13  3.238E-25  1.087E-09  6.985E-25
                7.098E-11  3.447E-26  1.038E-08  1.035E-08  9.753E-01  2.954E+00
                4.986E+00  9.095E-22  2.453E-04  1.681E-04  4.135E-03  1.423E-02
                3.062E-02  5.011E-19  6.305E-03  1.256E-02  2.289E-02  8.593E-05
                1.170E-06  1.206E-04  5.265E-03  5.158E-51  1.339E-08  1.196E-03
                5.829E-05  1.098E-05  1.468E-03  5.156E-50  4.207E-02  2.724E-06
                4.673E-04  1.864E-08  1.412E-09  1.181E-02  6.857E-04  4.225E-06
                3.282E-03  1.100E-05  1.088E-03  3.158E-03  5.282E-07  2.844E-02
                1.092E-01  9.031E-04  5.426E-04  1.029E-06  3.586E-22  1.351E-06
                4.547E-03  9.471E-04  2.371E-03  2.734E-03  6.394E-21  2.076E-03
                3.053E-02  2.410E-01  2.089E-04  2.892E-07  3.687E+00  6.313E-19
                6.138E-49  4.628E-06  4.646E-20  7.894E-05  2.921E-20  1.328E-04
                1.867E-21  1.942E-02  2.577E-02  1.781E-06  1.611E-09  1.581E-06
                5.114E-07  4.604E-03  4.747E-06  1.093E-03  1.212E-07  2.020E-01
                5.871E-03  9.270E+00  2.790E+01  4.663E+01  4.089E-21  1.567E-01
                2.636E-01  3.780E-01  1.804E-03  2.947E-03  1.224E-03  1.618E-01
                4.382E-49  1.404E+01  1.456E-04  9.914E-03  9.962E-07  1.596E-07
                3.653E-01  6.475E-03  1.057E+01  3.166E+01  1.989E-02  1.508E-01
                1.406E-04  1.198E-20  7.249E-01  1.059E+01  5.983E+01  7.124E-02
                4.790E-05  3.218E-21  1.703E-03  3.029E-22  2.491E-01  2.988E+01
                9.847E-02  1.382E-02  6.739E-04  1.639E-03  1.164E-01  5.602E-04
                2.620E-01  7.966E-04  2.578E-06  5.126E+01
2.36355256E+00  6.366E-25  1.183E-55  1.021E-09  4.776E-26  4.797E-09  9.139E-06
                2.141E-23  3.294E-54  1.137E-11  2.490E-24  1.346E-09  4.511E-24
                5.388E-10  3.293E-25  7.876E-08  1.480E-07  1.092E+00  3.300E+00
                5.553E+00  1.303E-21  2.820E-04  3.632E-04  1.043E-02  3.470E-02
                7.013E-02  3.830E-19  1.303E-02  2.480E-02  4.242E-02  1.696E-04
                3.323E-06  1.427E-04  6.607E-03  1.300E-50  1.584E-08  2.680E-03
                1.233E-04  2.127E-05  2.728E-03  5.607E-50  9.634E-02  6.052E-06
                7.903E-04  4.141E-08  2.755E-09  1.492E-02  7.236E-04  5.270E-06
                7.518E-03  2.128E-05  2.158E-03  5.957E-03  6.763E-07  6.678E-02
                2.410E-01  1.545E-03  1.188E-03  1.992E-06  5.072E-22  1.714E-06
                1.090E-02  1.971E-03  4.815E-03  5.287E-03  7.752E-21  4.797E-03
                7.010E-02  5.095E-01  4.795E-04  5.918E-07  4.053E+00  4.448E-19
                8.083E-49  9.585E-06  5.549E-20  1.670E-04  2.283E-20  2.458E-04
                2.665E-21  3.592E-02  5.872E-02  2.678E-06  2.673E-09  2.992E-06
                9.247E-07  1.059E-02  9.873E-06  2.332E-03  2.110E-07  4.284E-01
                1.122E-02  1.015E+01  3.052E+01  5.094E+01  4.317E-21  2.038E-01
                3.414E-01  4.870E-01  2.336E-03  3.290E-03  1.168E-03  2.111E-01
                5.295E-49  1.518E+01  2.036E-04  1.727E-02  1.393E-06  1.524E-07
                4.755E-01  6.812E-03  1.142E+01  3.419E+01  3.454E-02  1.628E-01
                1.837E-04  1.420E-20  7.937E-01  1.145E+01  6.452E+01  7.710E-02
                6.219E-05  9.024E-21  2.228E-03  6.420E-22  3.258E-01  3.244E+01
                1.304E-01  2.008E-02  8.921E-04  1.746E-03  1.551E-01  7.973E-04
                2.797E-01  1.061E-03  4.472E-06  5.461E+01
2.63414094E+00  3.631E-24  6.801E-55  3.988E-09  2.453E-25  1.459E-08  3.562E-05
                7.461E-23  1.344E-53  8.271E-11  1.032E-23  1.795E-09  1.684E-23
                2.699E-09  1.568E-24  3.945E-07  9.482E-07  1.185E+00  3.578E+00
                6.008E+00  1.575E-21  3.127E-04  5.755E-04  1.861E-02  6.064E-02
                1.179E-01  3.049E-19  2.033E-02  3.764E-02  6.193E-02  2.575E-04
                6.223E-06  1.564E-04  7.929E-03  2.223E-50  1.737E-08  4.433E-03
                1.923E-04  3.107E-05  3.997E-03  6.054E-50  1.616E-01  9.751E-06
                1.146E-03  6.671E-08  4.039E-09  1.791E-02  7.538E-04  6.293E-06
                1.262E-02  3.108E-05  3.285E-03  8.813E-03  9.815E-07  1.138E-01
                3.954E-01  2.256E-03  1.946E-03  2.978E-06  6.142E-22  2.065E-06
                1.884E-02  3.100E-03  7.461E-03  7.912E-03  8.953E-21  8.213E-03
                1.182E-01  8.155E-01  8.083E-04  9.188E-07  4.346E+00  3.309E-19
                1.016E-48  1.533E-05  6.521E-20  2.602E-04  1.782E-20  3.579E-04
                3.523E-21  5.232E-02  9.801E-02  3.679E-06  3.647E-09  4.446E-06
                1.346E-06  1.774E-02  1.599E-05  3.739E-03  3.113E-07  6.858E-01
                1.666E-02  1.081E+01  3.249E+01  5.417E+01  4.454E-21  2.453E-01
                4.099E-01  5.832E-01  2.805E-03  3.548E-03  1.143E-03  2.530E-01
                5.998E-49  1.603E+01  2.517E-04  2.477E-02  1.722E-06  1.492E-07
                5.692E-01  7.065E-03  1.206E+01  3.609E+01  4.942E-02  1.720E-01
                2.202E-04  1.554E-20  8.488E-01  1.210E+01  6.805E+01  8.153E-02
                7.432E-05  1.574E-20  2.690E-03  1.060E-21  3.933E-01  3.436E+01
                1.596E-01  2.674E-02  1.092E-03  1.827E-03  1.914E-01  1.044E-03
                2.931E-01  1.310E-03  6.394E-06  5.713E+01
2.90472932E+00  1.274E-23  2.459E-54  1.122E-08  8.200E-25  3.677E-08  1.001E-04
                1.883E-22  4.003E-53  3.415E-10  2.952E-23  5.298E-09  4.488E-23
                8.765E-09  4.918E-24  1.281E-06  3.670E-06  1.263E+00  3.809E+00
                6.388E+00  1.721E-21  3.389E-04  7.767E-04  2.770E-02  8.905E-02
                1.685E-01  2.489E-19  2.757E-02  5.008E-02  8.022E-02  3.426E-04
                9.483E-06  1.642E-04  9.241E-03  3.206E-50  1.822E-08  6.259E-03
                2.556E-04  3.912E-05  5.190E-03  6.434E-50  2.307E-01  1.331E-05
                1.534E-03  9.104E-08  5.093E-09  2.088E-02  7.792E-04  7.310E-06
                1.800E-02  3.912E-05  4.370E-03  1.152E-02  1.361E-06  1.643E-01
                5.566E-01  3.036E-03  2.740E-03  3.907E-06  7.162E-22  2.414E-06
                2.744E-02  4.228E-03  1.007E-02  1.039E-02  9.857E-21  1.199E-02
                1.696E-01  1.129E+00  1.160E-03  1.240E-06  4.590E+00  2.557E-19
                1.220E-48  2.129E-05  7.499E-20  3.474E-04  1.400E-20  4.629E-04
                4.443E-21  6.766E-02  1.392E-01  4.704E-06  4.425E-09  5.833E-06
                1.746E-06  2.523E-02  2.250E-05  5.174E-03  4.207E-07  9.488E-01
                2.176E-02  1.133E+01  3.404E+01  5.672E+01  4.441E-21  2.813E-01
                4.692E-01  6.664E-01  3.211E-03  3.751E-03  1.124E-03  2.887E-01
                6.460E-49  1.671E+01  2.878E-04  3.199E-02  1.969E-06  1.469E-07
                6.493E-01  7.264E-03  1.257E+01  3.761E+01  6.374E-02  1.793E-01
                2.515E-04  1.619E-20  8.944E-01  1.261E+01  7.086E+01  8.506E-02
                8.467E-05  2.188E-20  3.090E-03  1.477E-21  4.517E-01  3.588E+01
                1.861E-01  3.348E-02  1.273E-03  1.891E-03  2.246E-01  1.288E-03
                3.038E-01  1.537E-03  8.241E-06  5.912E+01
3.17531770E+00  3.300E-23  6.663E-54  2.536E-08  2.084E-24  7.639E-08  2.257E-04
                3.829E-22  1.004E-52  1.002E-09  6.609E-23  1.312E-08  9.534E-23
                2.128E-08  1.175E-23  3.111E-06  1.035E-05  1.330E+00  4.008E+00
                6.716E+00  1.768E-21  3.617E-04  9.560E-04  3.707E-02  1.180E-01
                2.189E-01  2.068E-19  3.451E-02  6.182E-02  9.707E-02  4.229E-04
                1.285E-05  1.678E-04  1.056E-02  4.226E-50  1.862E-08  8.046E-03
                3.096E-04  4.525E-05  6.286E-03  6.835E-50  2.997E-01  1.648E-05
                1.947E-03  1.128E-07  5.898E-09  2.384E-02  8.009E-04  8.325E-06
                2.333E-02  4.524E-05  5.377E-03  1.402E-02  1.760E-06  2.152E-01
                7.159E-01  3.867E-03  3.527E-03  4.759E-06  8.335E-22  2.762E-06
                3.612E-02  5.312E-03  1.255E-02  1.264E-02  1.044E-20  1.590E-02
                2.214E-01  1.436E+00  1.514E-03  1.544E-06  4.800E+00  2.031E-19
                1.414E-48  2.714E-05  8.445E-20  4.270E-04  1.110E-20  5.596E-04
                5.403E-21  8.179E-02  1.799E-01  5.711E-06  5.001E-09  7.120E-06
                2.117E-06  3.258E-02  2.905E-05  6.570E-03  5.357E-07  1.205E+00
                2.643E-02  1.175E+01  3.530E+01  5.880E+01  4.319E-21  3.120E-01
                5.196E-01  7.371E-01  3.555E-03  3.916E-03  1.099E-03  3.189E-01
                6.753E-49  1.726E+01  3.119E-04  3.865E-02  2.134E-06  1.437E-07
                7.166E-01  7.427E-03  1.299E+01  3.885E+01  7.696E-02  1.853E-01
                2.777E-04  1.636E-20  9.328E-01  1.304E+01  7.316E+01  8.796E-02
                9.337E-05  2.676E-20  3.429E-03  1.844E-21  5.013E-01  3.711E+01
                2.099E-01  4.007E-02  1.436E-03  1.944E-03  2.547E-01  1.523E-03
                3.125E-01  1.743E-03  9.945E-06  6.076E+01
3.44590608E+00  6.957E-23  1.455E-53  4.904E-08  4.381E-24  1.380E-07  4.360E-04
                6.677E-22  2.206E-52  2.347E-09  1.247E-22  2.687E-08  1.726E-22
                4.261E-08  2.323E-23  6.229E-06  2.365E-05  1.388E+00  4.182E+00
                7.003E+00  1.747E-21  3.818E-04  1.116E-03  4.633E-02  1.464E-01
                2.674E-01  1.741E-19  4.108E-02  7.280E-02  1.126E-01  4.980E-04
                1.616E-05  1.682E-04  1.187E-02  5.171E-50  1.867E-08  9.737E-03
                3.540E-04  4.968E-05  7.282E-03  7.147E-50  3.665E-01  1.919E-05
                2.376E-03  1.313E-07  6.481E-09  2.683E-02  8.201E-04  9.338E-06
                2.842E-02  4.967E-05  6.301E-03  1.629E-02  2.149E-06  2.648E-01
                8.690E-01  4.730E-03  4.285E-03  5.531E-06  9.720E-22  3.111E-06
                4.454E-02  6.335E-03  1.487E-02  1.468E-02  1.073E-20  1.981E-02
                2.719E-01  1.728E+00  1.859E-03  1.827E-06  4.984E+00  1.650E-19
                1.615E-48  3.273E-05  9.334E-20  5.036E-04  8.883E-21  6.487E-04
                6.365E-21  9.481E-02  2.187E-01  6.674E-06  5.405E-09  8.302E-06
                2.458E-06  3.954E-02  3.545E-05  7.896E-03  6.538E-07  1.448E+00
                3.066E-02  1.210E+01  3.635E+01  6.053E+01  4.132E-21  3.379E-01
                5.620E-01  7.966E-01  3.845E-03  4.053E-03  1.064E-03  3.440E-01
                6.946E-49  1.773E+01  3.256E-04  4.467E-02  2.227E-06  1.393E-07
                7.728E-01  7.562E-03  1.334E+01  3.990E+01  8.889E-02  1.903E-01
                2.995E-04  1.622E-20  9.654E-01  1.339E+01  7.509E+01  9.039E-02
                1.006E-04  3.025E-20  3.714E-03  2.137E-21  5.430E-01  3.813E+01
                2.310E-01  4.634E-02  1.581E-03  1.988E-03  2.818E-01  1.745E-03
                3.198E-01  1.928E-03  1.148E-05  6.214E+01
3.71649445E+00  1.267E-22  2.788E-53  8.458E-08  8.025E-24  2.250E-07  7.512E-04
                1.041E-21  4.364E-52  4.703E-09  2.077E-22  4.831E-08  2.778E-22
                7.464E-08  4.008E-23  1.091E-05  4.650E-05  1.440E+00  4.338E+00
                7.258E+00  1.684E-21  3.998E-04  1.268E-03  5.526E-02  1.736E-01
                3.132E-01  1.481E-19  4.729E-02  8.308E-02  1.269E-01  5.683E-04
                1.933E-05  1.667E-04  1.318E-02  6.055E-50  1.849E-08  1.130E-02
                3.911E-04  5.273E-05  8.206E-03  7.496E-50  4.302E-01  2.142E-05
                2.815E-03  1.466E-07  6.884E-09  2.979E-02  8.372E-04  1.035E-05
                3.316E-02  5.272E-05  7.163E-03  1.841E-02  2.513E-06  3.124E-01
                1.014E+00  5.613E-03  5.006E-03  6.231E-06  1.130E-21  3.457E-06
                5.251E-02  7.307E-03  1.706E-02  1.657E-02  1.078E-20  2.365E-02
                3.203E-01  2.003E+00  2.190E-03  2.088E-06  5.147E+00  1.364E-19
                1.792E-48  3.799E-05  1.015E-19  5.850E-04  7.166E-21  7.327E-04
                7.295E-21  1.071E-01  2.552E-01  7.581E-06  5.670E-09  9.459E-06
                2.793E-06  4.601E-02  4.158E-05  9.141E-03  7.731E-07  1.677E+00
                3.474E-02  1.240E+01  3.724E+01  6.200E+01  3.914E-21  3.596E-01
                5.975E-01  8.467E-01  4.088E-03  4.170E-03  1.022E-03  3.649E-01
                7.031E-49  1.813E+01  3.308E-04  5.002E-02  2.263E-06  1.339E-07
                8.197E-01  7.677E-03  1.364E+01  4.079E+01  9.952E-02  1.946E-01
                3.177E-04  1.588E-20  9.933E-01  1.370E+01  7.675E+01  9.247E-02
                1.067E-04  3.248E-20  3.952E-03  2.354E-21  5.778E-01  3.901E+01
                2.496E-01  5.223E-02  1.708E-03  2.025E-03  3.061E-01  1.952E-03
                3.260E-01  2.095E-03  1.285E-05  6.331E+01
3.98708283E+00  2.069E-22  4.834E-53  1.337E-07  1.325E-23  3.392E-07  1.187E-03
                1.491E-21  7.935E-52  8.391E-09  3.157E-22  7.871E-08  4.095E-22
                1.185E-07  6.249E-23  1.733E-05  8.179E-05  1.487E+00  4.477E+00
                7.488E+00  1.596E-21  4.160E-04  1.432E-03  6.376E-02  1.993E-01
                3.560E-01  1.271E-19  5.338E-02  9.312E-02  1.408E-01  6.369E-04
                2.233E-05  1.638E-04  1.449E-02  6.952E-50  1.817E-08  1.274E-02
                4.241E-04  5.470E-05  9.107E-03  7.772E-50  4.905E-01  2.322E-05
                3.258E-03  1.589E-07  7.147E-09  3.274E-02  8.526E-04  1.136E-05
                3.754E-02  5.469E-05  8.007E-03  2.047E-02  2.846E-06  3.576E-01
                1.151E+00  6.502E-03  5.686E-03  6.930E-06  1.301E-21  3.801E-06
                5.994E-02  8.263E-03  1.920E-02  1.841E-02  1.066E-20  2.736E-02
                3.662E-01  2.260E+00  2.504E-03  2.349E-06  5.294E+00  1.145E-19
                1.965E-48  4.289E-05  1.089E-19  6.800E-04  5.826E-21  8.167E-04
                8.169E-21  1.194E-01  2.892E-01  8.426E-06  5.829E-09  1.051E-05
                3.095E-06  5.195E-02  4.741E-05  1.030E-02  8.919E-07  1.891E+00
                3.851E-02  1.266E+01  3.802E+01  6.328E+01  3.685E-21  3.777E-01
                6.273E-01  8.886E-01  4.292E-03  4.271E-03  9.756E-04  3.824E-01
                7.072E-49  1.847E+01  3.296E-04  5.474E-02  2.255E-06  1.278E-07
                8.588E-01  7.777E-03  1.390E+01  4.156E+01  1.089E-01  1.983E-01
                3.329E-04  1.543E-20  1.017E+00  1.396E+01  7.818E+01  9.427E-02
                1.117E-04  3.368E-20  4.152E-03  2.502E-21  6.069E-01  3.976E+01
                2.661E-01  5.773E-02  1.821E-03  2.058E-03  3.279E-01  2.144E-03
                3.315E-01  2.243E-03  1.405E-05  6.433E+01
4.25767121E+00  3.111E-22  7.712E-53  1.977E-07  2.017E-23  4.807E-07  1.752E-03
                2.003E-21  1.347E-51  1.371E-08  4.472E-22  1.189E-07  5.641E-22
                1.748E-07  9.025E-23  2.556E-05  1.321E-04  1.529E+00  4.604E+00
                7.697E+00  1.494E-21  4.307E-04  1.618E-03  7.176E-02  2.234E-01
                3.958E-01  1.100E-19  5.934E-02  1.029E-01  1.543E-01  7.039E-04
                2.515E-05  1.601E-04  1.578E-02  7.713E-50  1.776E-08  1.405E-02
                4.567E-04  5.586E-05  9.886E-03  8.014E-50  5.472E-01  2.463E-05
                3.700E-03  1.685E-07  7.305E-09  3.566E-02  8.666E-04  1.237E-05
                4.155E-02  5.584E-05  8.765E-03  2.225E-02  3.147E-06  4.003E-01
                1.279E+00  7.388E-03  6.324E-03  7.528E-06  1.482E-21  4.140E-06
                6.682E-02  9.112E-03  2.109E-02  2.005E-02  1.041E-20  3.093E-02
                4.095E-01  2.500E+00  2.800E-03  2.579E-06  5.428E+00  9.732E-20
                2.132E-48  4.743E-05  1.154E-19  7.971E-04  4.769E-21  8.916E-04
                8.971E-21  1.303E-01  3.206E-01  9.210E-06  5.910E-09  1.141E-05
                3.358E-06  5.738E-02  5.291E-05  1.139E-02  1.009E-06  2.090E+00
                4.180E-02  1.289E+01  3.869E+01  6.439E+01  3.458E-21  3.930E-01
                6.522E-01  9.238E-01  4.462E-03  4.359E-03  9.264E-04  3.970E-01
                7.047E-49  1.878E+01  3.232E-04  5.891E-02  2.211E-06  1.214E-07
                8.915E-01  7.864E-03  1.412E+01  4.224E+01  1.172E-01  2.016E-01
                3.456E-04  1.490E-20  1.038E+00  1.419E+01  7.944E+01  9.585E-02
                1.159E-04  3.408E-20  4.318E-03  2.593E-21  6.312E-01  4.042E+01
                2.807E-01  6.284E-02  1.920E-03  2.087E-03  3.473E-01  2.322E-03
                3.362E-01  2.376E-03  1.512E-05  6.522E+01
