           8           2
          17          13         136
   0           1   0           3   0          -1   0          -3   0          -5   0           1   0          -3   0           3   0          -1   0          -3   0          -5   0           1   0           3   0           5   0           7   0           5   0          -3
    0.000000E+00    1.145905E+00    1.161331E+00    1.161421E+00    1.161606E+00
    1.163117E+00    1.173541E+00    1.352519E+00    1.356653E+00    1.356678E+00
    1.356729E+00    1.356986E+00    1.358976E+00    1.358985E+00    1.359001E+00
    1.359135E+00    1.359996E+00
1.24737550E+00  1.302E-29  2.099E-61  1.378E-17  5.374E-32  6.669E-11  1.244E-13
                0.000E+00  0.000E+00  0.000E+00  0.000E+00  0.000E+00  0.000E+00
                0.000E+00  0.000E+00  0.000E+00  0.000E+00  1.006E-01  3.292E-01
                6.496E-01  6.001E-17  3.647E-05  0.000E+00  0.000E+00  0.000E+00
                0.000E+00  0.000E+00  0.000E+00  0.000E+00  0.000E+00  0.000E+00
                0.000E+00  7.964E-06  4.818E-04  6.989E-49  8.822E-10  0.000E+00
                0.000E+00  0.000E+00  0.000E+00  0.000E+00  0.000E+00  0.000E+00
                0.000E+00  0.000E+00  0.000E+00  1.116E-03  6.372E-05  3.644E-07
                0.000E+00  0.000E+00  0.000E+00  0.000E+00  0.000E+00  0.000E+00
                0.000E+00  0.000E+00  0.000E+00  0.000E+00  1.767E-19  1.236E-07
                0.000E+00  0.000E+00  0.000E+00  0.000E+00  0.000E+00  0.000E+00
                0.000E+00  0.000E+00  0.000E+00  0.000E+00  5.752E-01  0.000E+00
                0.000E+00  0.000E+00  0.000E+00  0.000E+00  0.000E+00  0.000E+00
                0.000E+00  0.000E+00  0.000E+00  0.000E+00  0.000E+00  0.000E+00
                0.000E+00  0.000E+00  0.000E+00  0.000E+00  0.000E+00  0.000E+00
                0.000E+00  0.000E+00  0.000E+00  0.000E+00  0.000E+00  0.000E+00
                0.000E+00  0.000E+00  0.000E+00  0.000E+00  0.000E+00  0.000E+00
                0.000E+00  0.000E+00  0.000E+00  0.000E+00  0.000E+00  0.000E+00
                0.000E+00  0.000E+00  0.000E+00  0.000E+00  0.000E+00  0.000E+00
                0.000E+00  0.000E+00  0.000E+00  0.000E+00  0.000E+00  0.000E+00
                0.000E+00  0.000E+00  0.000E+00  0.000E+00  0.000E+00  0.000E+00
                0.000E+00  0.000E+00  0.000E+00  0.000E+00  0.000E+00  0.000E+00
                0.000E+00  0.000E+00  0.000E+00  0.000E+00
1.51796388E+00  2.621E-29  1.157E-60  5.639E-14  4.829E-31  1.101E-09  5.120E-10
                1.351E-27  4.930E-57  8.487E-15  3.867E-28  2.534E-11  1.131E-28
                1.800E-11  1.408E-29  2.631E-09  6.174E-11  3.376E-01  1.029E+00
                1.804E+00  2.943E-22  1.141E-04  2.732E-07  2.032E-06  8.741E-06
                2.998E-05  1.192E-18  7.610E-06  2.628E-05  8.736E-05  1.798E-07
                1.087E-07  5.561E-05  1.805E-03  9.080E-54  6.166E-09  1.563E-06
                6.168E-08  1.224E-07  4.492E-06  3.529E-50  3.119E-05  2.979E-09
                6.527E-06  2.038E-11  1.624E-11  4.088E-03  1.324E-04  1.415E-06
                3.120E-06  1.249E-07  1.784E-06  8.559E-06  8.388E-07  1.819E-05
                1.332E-04  1.197E-05  2.040E-06  1.671E-08  2.932E-24  4.530E-07
                3.904E-06  7.140E-07  2.713E-06  6.494E-06  4.327E-21  4.947E-06
                3.490E-05  4.995E-04  2.387E-07  6.086E-10  1.195E+00  1.847E-18
                4.297E-49  1.664E-07  2.793E-20  1.077E-07  2.479E-20  4.159E-07
                2.152E-22  6.079E-05  2.210E-05  8.437E-07  4.268E-10  1.394E-08
                1.210E-08  3.198E-06  2.932E-07  1.539E-06  1.670E-09  3.429E-04
                1.014E-05  2.381E+00  7.185E+00  1.236E+01  7.656E-21  3.779E-02
                6.519E-02  9.636E-02  4.460E-04  9.386E-04  3.194E-03  3.461E-02
                1.668E-49  3.100E+00  3.357E-05  2.606E-04  2.296E-07  4.172E-07
                8.270E-02  9.342E-04  2.293E+00  6.970E+00  5.897E-04  3.623E-02
                2.976E-05  4.744E-21  1.484E-01  2.227E+00  1.309E+01  1.524E-02
                1.080E-05  5.994E-23  3.769E-04  2.154E-23  5.509E-02  7.151E+00
                2.041E-02  2.480E-03  1.396E-04  2.995E-04  2.415E-02  1.275E-04
                4.466E-02  1.652E-04  7.674E-08  8.227E+00
1.78855225E+00  4.062E-28  7.009E-59  4.934E-12  5.175E-29  1.228E-09  4.439E-08
                1.375E-25  2.249E-56  2.073E-14  8.236E-27  9.742E-10  2.151E-26
                1.517E-11  5.568E-28  2.217E-09  2.561E-10  3.690E-01  1.113E+00
                1.915E+00  4.565E-22  1.236E-04  2.895E-05  5.161E-04  1.924E-03
                4.781E-03  7.143E-19  1.145E-03  2.551E-03  5.395E-03  1.745E-05
                1.134E-07  8.606E-05  2.965E-03  6.563E-52  9.555E-09  1.933E-04
                1.040E-05  2.225E-06  3.434E-04  4.257E-50  6.417E-03  4.174E-07
                1.569E-04  2.855E-09  2.784E-10  6.678E-03  1.332E-04  2.325E-06
                5.076E-04  2.238E-06  2.204E-04  7.148E-04  6.359E-07  4.115E-03
                1.836E-02  2.968E-04  9.572E-05  2.161E-07  1.228E-22  7.458E-07
                6.424E-04  1.696E-04  4.511E-04  5.865E-04  4.915E-21  3.435E-04
                4.764E-03  4.519E-02  3.259E-05  5.313E-08  1.206E+00  9.985E-19
                4.431E-49  1.059E-06  3.696E-20  1.385E-05  3.516E-20  3.093E-05
                9.553E-22  4.521E-03  3.978E-03  1.063E-06  6.254E-10  3.647E-07
                1.397E-07  6.913E-04  1.166E-06  1.935E-04  3.926E-08  3.694E-02
                1.263E-03  2.324E+00  6.952E+00  1.173E+01  4.169E-21  7.820E-02
                1.325E-01  1.916E-01  9.065E-04  9.079E-04  1.497E-03  8.179E-02
                2.862E-49  2.924E+00  8.336E-05  3.552E-03  5.703E-07  1.953E-07
                1.857E-01  8.827E-04  2.171E+00  6.520E+00  7.168E-03  3.245E-02
                7.032E-05  8.402E-21  1.480E-01  2.113E+00  1.211E+01  1.445E-02
                2.422E-05  1.539E-22  8.488E-04  9.092E-23  1.241E-01  6.755E+00
                4.882E-02  6.325E-03  3.340E-04  2.831E-04  5.726E-02  2.623E-04
                4.262E-02  3.917E-04  9.304E-07  8.033E+00
2.05914063E+00  3.139E-26  6.162E-57  1.139E-10  3.049E-27  1.462E-09  1.023E-06
                2.768E-24  3.683E-55  3.870E-13  2.357E-25  1.050E-09  5.239E-25
                5.273E-11  2.425E-26  7.707E-09  6.929E-09  3.727E-01  1.120E+00
                1.910E+00  8.466E-22  1.248E-04  1.470E-04  3.515E-03  1.215E-02
                2.644E-02  5.003E-19  5.531E-03  1.111E-02  2.047E-02  7.600E-05
                9.674E-07  1.159E-04  4.038E-03  4.414E-51  1.287E-08  1.033E-03
                5.117E-05  9.760E-06  1.308E-03  4.745E-50  3.626E-02  2.372E-06
                4.288E-04  1.623E-08  1.253E-09  9.100E-03  1.307E-04  3.156E-06
                2.822E-03  9.778E-06  9.602E-04  2.806E-03  5.240E-07  2.440E-02
                9.477E-02  8.271E-04  4.717E-04  9.088E-07  3.347E-22  1.026E-06
                3.871E-03  8.273E-04  2.080E-03  2.422E-03  6.160E-21  1.792E-03
                2.626E-02  2.106E-01  1.797E-04  2.535E-07  1.189E+00  6.340E-19
                5.621E-49  4.074E-06  4.484E-20  6.927E-05  2.898E-20  1.185E-04
                1.767E-21  1.732E-02  2.222E-02  1.672E-06  1.472E-09  1.399E-06
                4.550E-07  3.953E-03  4.173E-06  9.503E-04  1.107E-07  1.759E-01
                5.195E-03  2.272E+00  6.784E+00  1.137E+01  3.973E-21  1.180E-01
                1.990E-01  2.858E-01  1.361E-03  8.856E-04  1.205E-03  1.242E-01
                3.975E-49  2.867E+00  1.381E-04  9.082E-03  9.446E-07  1.571E-07
                2.803E-01  8.625E-04  2.130E+00  6.376E+00  1.823E-02  3.139E-02
                1.070E-04  1.152E-20  1.556E-01  2.083E+00  1.178E+01  1.425E-02
                3.649E-05  2.659E-21  1.297E-03  2.694E-22  1.895E-01  6.597E+00
                7.544E-02  1.088E-02  5.161E-04  2.769E-04  8.956E-02  4.369E-04
                4.228E-02  6.127E-04  2.363E-06  7.989E+00
2.32972901E+00  4.874E-25  9.071E-56  8.344E-10  3.730E-26  3.977E-09  7.473E-06
                1.776E-23  2.721E-54  8.354E-12  2.011E-24  1.305E-09  3.705E-24
                4.226E-10  2.601E-25  6.177E-08  1.115E-07  3.715E-01  1.114E+00
                1.890E+00  1.247E-21  1.245E-04  3.344E-04  9.324E-03  3.105E-02
                6.319E-02  3.791E-19  1.191E-02  2.277E-02  3.919E-02  1.558E-04
                2.930E-06  1.381E-04  5.079E-03  1.149E-50  1.533E-08  2.399E-03
                1.143E-04  1.988E-05  2.504E-03  5.130E-50  8.645E-02  5.595E-06
                7.377E-04  3.828E-08  2.573E-09  1.146E-02  1.285E-04  3.959E-06
                6.701E-03  1.989E-05  1.975E-03  5.462E-03  6.361E-07  5.966E-02
                2.168E-01  1.441E-03  1.069E-03  1.822E-06  4.895E-22  1.302E-06
                9.611E-03  1.789E-03  4.383E-03  4.852E-03  7.517E-21  4.295E-03
                6.249E-02  4.598E-01  4.275E-04  5.391E-07  1.174E+00  4.417E-19
                7.374E-49  8.673E-06  5.371E-20  1.549E-04  2.260E-20  2.257E-04
                2.557E-21  3.299E-02  5.270E-02  2.488E-06  2.522E-09  2.725E-06
                8.431E-07  9.426E-03  8.849E-06  2.093E-03  1.960E-07  3.847E-01
                1.025E-02  2.234E+00  6.662E+00  1.112E+01  4.208E-21  1.546E-01
                2.596E-01  3.709E-01  1.776E-03  8.692E-04  1.141E-03  1.616E-01
                4.847E-49  2.831E+00  1.958E-04  1.580E-02  1.340E-06  1.488E-07
                3.642E-01  8.488E-04  2.104E+00  6.289E+00  3.160E-02  3.084E-02
                1.396E-04  1.382E-20  1.657E-01  2.068E+00  1.157E+01  1.415E-02
                4.736E-05  8.192E-21  1.704E-03  5.933E-22  2.491E-01  6.488E+00
                1.002E-01  1.613E-02  6.857E-04  2.727E-04  1.203E-01  6.335E-04
                4.210E-02  8.232E-04  4.093E-06  7.951E+00
2.60031739E+00  3.015E-24  5.675E-55  3.434E-09  2.055E-25  1.266E-08  3.068E-05
                6.513E-23  1.149E-53  6.704E-11  8.844E-24  1.596E-09  1.459E-23
                2.265E-09  1.324E-24  3.311E-07  7.772E-07  3.695E-01  1.106E+00
                1.872E+00  1.533E-21  1.241E-04  5.410E-04  1.674E-02  5.447E-02
                1.065E-01  3.002E-19  1.867E-02  3.466E-02  5.725E-02  2.371E-04
                5.547E-06  1.522E-04  6.117E-03  2.060E-50  1.690E-08  3.951E-03
                1.830E-04  2.972E-05  3.657E-03  5.552E-50  1.449E-01  9.271E-06
                1.072E-03  6.342E-08  3.863E-09  1.381E-02  1.268E-04  4.762E-06
                1.119E-02  2.973E-05  3.013E-03  8.062E-03  8.974E-07  1.015E-01
                3.549E-01  2.111E-03  1.746E-03  2.718E-06  5.974E-22  1.578E-06
                1.649E-02  2.817E-03  6.795E-03  7.275E-03  8.737E-21  7.351E-03
                1.048E-01  7.324E-01  7.172E-04  8.379E-07  1.162E+00  3.259E-19
                9.226E-49  1.378E-05  6.330E-20  2.476E-04  1.755E-20  3.276E-04
                3.405E-21  4.789E-02  8.785E-02  3.328E-06  3.502E-09  4.031E-06
                1.222E-06  1.570E-02  1.415E-05  3.331E-03  2.902E-07  6.109E-01
                1.516E-02  2.196E+00  6.543E+00  1.089E+01  4.363E-21  1.864E-01
                3.118E-01  4.440E-01  2.133E-03  8.533E-04  1.116E-03  1.933E-01
                5.475E-49  2.798E+00  2.448E-04  2.275E-02  1.674E-06  1.457E-07
                4.350E-01  8.351E-04  2.080E+00  6.210E+00  4.539E-02  3.040E-02
                1.674E-04  1.522E-20  1.763E-01  2.055E+00  1.138E+01  1.406E-02
                5.652E-05  1.485E-20  2.056E-03  1.005E-21  3.006E-01  6.380E+00
                1.228E-01  2.183E-02  8.402E-04  2.688E-04  1.487E-01  8.403E-04
                4.186E-02  1.017E-03  5.874E-06  7.898E+00
2.87090577E+00  1.111E-23  2.122E-54  9.995E-09  7.173E-25  3.306E-08  8.913E-05
                1.700E-22  3.555E-53  2.925E-10  2.628E-23  4.642E-09  4.025E-23
                7.705E-09  4.335E-24  1.126E-06  3.162E-06  3.676E-01  1.100E+00
                1.856E+00  1.690E-21  1.237E-04  7.335E-04  2.458E-02  7.875E-02
                1.497E-01  2.441E-19  2.505E-02  4.560E-02  7.323E-02  3.119E-04
                8.352E-06  1.602E-04  7.160E-03  2.989E-50  1.778E-08  5.453E-03
                2.465E-04  3.784E-05  4.675E-03  6.013E-50  2.028E-01  1.284E-05
                1.431E-03  8.785E-08  4.926E-09  1.618E-02  1.255E-04  5.570E-06
                1.559E-02  3.784E-05  3.963E-03  1.038E-02  1.216E-06  1.436E-01
                4.892E-01  2.832E-03  2.407E-03  3.509E-06  6.969E-22  1.856E-06
                2.341E-02  3.792E-03  9.049E-03  9.437E-03  9.670E-21  1.055E-02
                1.470E-01  9.917E-01  1.006E-03  1.116E-06  1.155E+00  2.502E-19
                1.118E-48  1.869E-05  7.300E-20  3.347E-04  1.372E-20  4.167E-04
                4.314E-21  6.091E-02  1.223E-01  4.093E-06  4.286E-09  5.198E-06
                1.559E-06  2.177E-02  1.934E-05  4.497E-03  3.911E-07  8.241E-01
                1.947E-02  2.153E+00  6.412E+00  1.064E+01  4.363E-21  2.125E-01
                3.547E-01  5.037E-01  2.426E-03  8.358E-04  1.099E-03  2.189E-01
                5.926E-49  2.760E+00  2.820E-04  2.942E-02  1.929E-06  1.436E-07
                4.920E-01  8.195E-04  2.052E+00  6.123E+00  5.860E-02  2.995E-02
                1.897E-04  1.592E-20  1.862E-01  2.037E+00  1.118E+01  1.394E-02
                6.389E-05  2.101E-20  2.346E-03  1.426E-21  3.429E-01  6.257E+00
                1.428E-01  2.760E-02  9.766E-04  2.646E-04  1.741E-01  1.045E-03
                4.151E-02  1.191E-03  7.579E-06  7.821E+00
3.14149415E+00  2.967E-23  5.962E-54  2.311E-08  1.876E-24  7.028E-08  2.058E-04
                3.536E-22  9.098E-53  8.880E-10  6.038E-23  1.183E-08  8.761E-23
                1.928E-08  1.066E-23  2.818E-06  9.216E-06  3.660E-01  1.095E+00
                1.844E+00  1.745E-21  1.234E-04  8.986E-04  3.209E-02  1.017E-01
                1.895E-01  2.021E-19  3.081E-02  5.528E-02  8.696E-02  3.782E-04
                1.105E-05  1.639E-04  8.204E-03  3.985E-50  1.819E-08  6.787E-03
                3.006E-04  4.400E-05  5.540E-03  6.504E-50  2.560E-01  1.604E-05
                1.810E-03  1.097E-07  5.735E-09  1.854E-02  1.246E-04  6.383E-06
                1.955E-02  4.400E-05  4.790E-03  1.236E-02  1.532E-06  1.826E-01
                6.107E-01  3.596E-03  3.006E-03  4.180E-06  8.106E-22  2.133E-06
                2.975E-02  4.673E-03  1.106E-02  1.127E-02  1.028E-20  1.365E-02
                1.858E-01  1.222E+00  1.271E-03  1.363E-06  1.149E+00  1.978E-19
                1.306E-48  2.306E-05  8.243E-20  4.137E-04  1.082E-20  4.927E-04
                5.266E-21  7.202E-02  1.532E-01  4.744E-06  4.865E-09  6.197E-06
                1.849E-06  2.714E-02  2.408E-05  5.522E-03  4.967E-07  1.012E+00
                2.310E-02  2.105E+00  6.264E+00  1.037E+01  4.246E-21  2.333E-01
                3.885E-01  5.508E-01  2.657E-03  8.163E-04  1.075E-03  2.387E-01
                6.192E-49  2.716E+00  3.072E-04  3.549E-02  2.102E-06  1.406E-07
                5.362E-01  8.016E-04  2.019E+00  6.023E+00  7.062E-02  2.946E-02
                2.071E-04  1.610E-20  1.946E-01  2.013E+00  1.097E+01  1.377E-02
                6.959E-05  2.594E-20  2.574E-03  1.800E-21  3.763E-01  6.118E+00
                1.600E-01  3.316E-02  1.094E-03  2.598E-04  1.964E-01  1.240E-03
                4.102E-02  1.344E-03  9.128E-06  7.719E+00
3.41208253E+00  6.395E-23  1.336E-53  4.545E-08  4.025E-24  1.289E-07  4.042E-04
                6.270E-22  2.010E-52  2.131E-09  1.160E-22  2.470E-08  1.614E-22
                3.939E-08  2.151E-23  5.758E-06  2.152E-05  3.648E-01  1.090E+00
                1.834E+00  1.728E-21  1.232E-04  1.038E-03  3.892E-02  1.222E-01
                2.242E-01  1.696E-19  3.594E-02  6.377E-02  9.869E-02  4.362E-04
                1.349E-05  1.644E-04  9.246E-03  4.877E-50  1.824E-08  7.911E-03
                3.449E-04  4.843E-05  6.264E-03  6.897E-50  3.027E-01  1.878E-05
                2.204E-03  1.285E-07  6.316E-09  2.090E-02  1.239E-04  7.196E-06
                2.292E-02  4.842E-05  5.494E-03  1.403E-02  1.816E-06  2.171E-01
                7.163E-01  4.389E-03  3.529E-03  4.739E-06  9.458E-22  2.409E-06
                3.525E-02  5.449E-03  1.281E-02  1.280E-02  1.059E-20  1.654E-02
                2.200E-01  1.419E+00  1.505E-03  1.576E-06  1.145E+00  1.599E-19
                1.483E-48  2.678E-05  9.129E-20  4.887E-04  8.603E-21  5.573E-04
                6.225E-21  8.146E-02  1.798E-01  5.273E-06  5.268E-09  7.037E-06
                2.092E-06  3.163E-02  2.823E-05  6.391E-03  6.050E-07  1.171E+00
                2.610E-02  2.052E+00  6.103E+00  1.009E+01  4.060E-21  2.492E-01
                4.142E-01  5.869E-01  2.834E-03  7.950E-04  1.042E-03  2.535E-01
                6.317E-49  2.666E+00  3.216E-04  4.083E-02  2.200E-06  1.363E-07
                5.691E-01  7.817E-04  1.982E+00  5.910E+00  8.120E-02  2.892E-02
                2.200E-04  1.597E-20  2.015E-01  1.984E+00  1.073E+01  1.357E-02
                7.383E-05  2.945E-20  2.748E-03  2.101E-21  4.017E-01  5.964E+00
                1.745E-01  3.835E-02  1.194E-03  2.546E-04  2.157E-01  1.420E-03
                4.042E-02  1.475E-03  1.049E-05  7.596E+00
3.68267091E+00  1.183E-22  2.583E-53  7.936E-08  7.487E-24  2.126E-07  7.050E-04
                9.894E-22  3.995E-52  4.341E-09  1.960E-22  4.508E-08  2.631E-22
                6.999E-08  3.766E-23  1.023E-05  4.301E-05  3.638E-01  1.087E+00
                1.826E+00  1.667E-21  1.230E-04  1.162E-03  4.490E-02  1.399E-01
                2.535E-01  1.438E-19  4.049E-02  7.119E-02  1.087E-01  4.870E-04
                1.563E-05  1.628E-04  1.028E-02  5.756E-50  1.806E-08  8.820E-03
                3.816E-04  5.144E-05  6.863E-03  7.260E-50  3.428E-01  2.104E-05
                2.607E-03  1.439E-07  6.715E-09  2.325E-02  1.234E-04  8.004E-06
                2.568E-02  5.142E-05  6.090E-03  1.542E-02  2.057E-06  2.469E-01
                8.060E-01  5.200E-03  3.974E-03  5.199E-06  1.101E-21  2.682E-06
                3.984E-02  6.124E-03  1.431E-02  1.407E-02  1.065E-20  1.917E-02
                2.495E-01  1.584E+00  1.707E-03  1.758E-06  1.142E+00  1.317E-19
                1.653E-48  2.986E-05  9.943E-20  5.675E-04  6.897E-21  6.123E-04
                7.154E-21  8.951E-02  2.018E-01  5.687E-06  5.529E-09  7.733E-06
                2.293E-06  3.522E-02  3.178E-05  7.114E-03  7.140E-07  1.304E+00
                2.856E-02  1.995E+00  5.932E+00  9.792E+00  3.840E-21  2.609E-01
                4.331E-01  6.134E-01  2.963E-03  7.726E-04  1.000E-03  2.641E-01
                6.364E-49  2.611E+00  3.272E-04  4.542E-02  2.239E-06  1.310E-07
                5.927E-01  7.605E-04  1.941E+00  5.788E+00  9.032E-02  2.832E-02
                2.292E-04  1.562E-20  2.068E-01  1.950E+00  1.048E+01  1.334E-02
                7.687E-05  3.169E-20  2.876E-03  2.326E-21  4.204E-01  5.801E+00
                1.867E-01  4.310E-02  1.277E-03  2.490E-04  2.321E-01  1.583E-03
                3.971E-02  1.588E-03  1.166E-05  7.454E+00
3.95325929E+00  1.956E-22  4.533E-53  1.266E-07  1.250E-23  3.233E-07  1.124E-03
                1.431E-21  7.315E-52  7.844E-09  3.008E-22  7.430E-08  3.916E-22
                1.123E-07  5.938E-23  1.642E-05  7.658E-05  3.630E-01  1.084E+00
                1.819E+00  1.580E-21  1.228E-04  1.287E-03  5.001E-02  1.549E-01
                2.777E-01  1.231E-19  4.452E-02  7.769E-02  1.174E-01  5.315E-04
                1.743E-05  1.599E-04  1.131E-02  6.503E-50  1.774E-08  9.530E-03
                4.137E-04  5.336E-05  7.354E-03  7.527E-50  3.766E-01  2.285E-05
                3.013E-03  1.563E-07  6.971E-09  2.557E-02  1.230E-04  8.805E-06
                2.786E-02  5.334E-05  6.596E-03  1.656E-02  2.253E-06  2.723E-01
                8.811E-01  6.015E-03  4.348E-03  5.573E-06  1.271E-21  2.953E-06
                4.355E-02  6.703E-03  1.559E-02  1.512E-02  1.053E-20  2.155E-02
                2.746E-01  1.720E+00  1.878E-03  1.911E-06  1.139E+00  1.102E-19
                1.804E-48  3.234E-05  1.068E-19  6.588E-04  5.569E-21  6.596E-04
                8.030E-21  9.642E-02  2.196E-01  5.997E-06  5.683E-09  8.303E-06
                2.457E-06  3.800E-02  3.477E-05  7.708E-03  8.221E-07  1.412E+00
                3.057E-02  1.937E+00  5.754E+00  9.486E+00  3.608E-21  2.691E-01
                4.464E-01  6.322E-01  3.054E-03  7.492E-04  9.536E-04  2.713E-01
                6.321E-49  2.553E+00  3.257E-04  4.932E-02  2.228E-06  1.249E-07
                6.088E-01  7.383E-04  1.897E+00  5.656E+00  9.807E-02  2.769E-02
                2.355E-04  1.516E-20  2.107E-01  1.912E+00  1.021E+01  1.308E-02
                7.893E-05  3.286E-20  2.966E-03  2.480E-21  4.335E-01  5.630E+00
                1.967E-01  4.736E-02  1.345E-03  2.431E-04  2.459E-01  1.728E-03
                3.892E-02  1.682E-03  1.266E-05  7.298E+00
4.22384766E+00  2.968E-22  7.287E-53  1.885E-07  1.921E-23  4.613E-07  1.671E-03
                1.935E-21  1.251E-51  1.294E-08  4.295E-22  1.132E-07  5.434E-22
                1.670E-07  8.650E-23  2.441E-05  1.249E-04  3.623E-01  1.082E+00
                1.814E+00  1.479E-21  1.227E-04  1.428E-03  5.429E-02  1.674E-01
                2.973E-01  1.061E-19  4.811E-02  8.341E-02  1.249E-01  5.707E-04
                1.894E-05  1.562E-04  1.233E-02  7.239E-50  1.732E-08  1.006E-02
                4.450E-04  5.445E-05  7.752E-03  7.749E-50  4.050E-01  2.427E-05
                3.417E-03  1.661E-07  7.120E-09  2.787E-02  1.226E-04  9.595E-06
                2.953E-02  5.443E-05  7.033E-03  1.749E-02  2.405E-06  2.936E-01
                9.434E-01  6.826E-03  4.660E-03  5.875E-06  1.450E-21  3.219E-06
                4.645E-02  7.194E-03  1.666E-02  1.601E-02  1.028E-20  2.369E-02
                2.956E-01  1.832E+00  2.023E-03  2.038E-06  1.137E+00  9.332E-20
                1.955E-48  3.429E-05  1.133E-19  7.712E-04  4.526E-21  7.004E-04
                8.834E-21  1.024E-01  2.337E-01  6.217E-06  5.758E-09  8.764E-06
                2.590E-06  4.006E-02  3.727E-05  8.190E-03  9.282E-07  1.501E+00
                3.223E-02  1.876E+00  5.572E+00  9.175E+00  3.377E-21  2.746E-01
                4.552E-01  6.445E-01  3.114E-03  7.254E-04  9.040E-04  2.758E-01
                6.227E-49  2.491E+00  3.191E-04  5.258E-02  2.183E-06  1.185E-07
                6.188E-01  7.154E-04  1.851E+00  5.518E+00  1.046E-01  2.703E-02
                2.393E-04  1.462E-20  2.134E-01  1.871E+00  9.940E+00  1.280E-02
                8.020E-05  3.322E-20  3.024E-03  2.575E-21  4.420E-01  5.454E+00
                2.047E-01  5.114E-02  1.401E-03  2.369E-04  2.574E-01  1.855E-03
                3.807E-02  1.761E-03  1.349E-05  7.130E+00
1.00000000E+06  0.000E+00  0.000E+00  1.357E-04  0.000E+00  0.000E+00  1.190E+00
                0.000E+00  0.000E+00  2.603E-05  0.000E+00  0.000E+00  0.000E+00
                0.000E+00  0.000E+00  0.000E+00  2.296E-01  4.044E+00  1.213E+01
                2.023E+01  0.000E+00  1.388E-03  0.000E+00  9.853E-01  2.953E+00
                4.912E+00  0.000E+00  0.000E+00  0.000E+00  0.000E+00  0.000E+00
                3.400E-04  0.000E+00  0.000E+00  0.000E+00  0.000E+00  1.680E-01
                0.000E+00  0.000E+00  0.000E+00  0.000E+00  6.442E+00  0.000E+00
                0.000E+00  0.000E+00  0.000E+00  0.000E+00  1.367E-03  0.000E+00
                5.069E-01  0.000E+00  0.000E+00  0.000E+00  3.512E-05  4.836E+00
                1.444E+01  0.000E+00  7.170E-02  0.000E+00  0.000E+00  0.000E+00
                8.547E-01  0.000E+00  0.000E+00  0.000E+00  0.000E+00  3.231E-01
                4.813E+00  2.714E+01  3.293E-02  0.000E+00  1.280E+01  0.000E+00
                0.000E+00  5.699E-04  0.000E+00  0.000E+00  0.000E+00  0.000E+00
                0.000E+00  0.000E+00  3.925E+00  1.100E-04  0.000E+00  0.000E+00
                0.000E+00  7.140E-01  6.171E-04  1.200E-01  0.000E+00  2.218E+01
                0.000E+00  2.537E+01  7.611E+01  1.268E+02  0.000E+00  0.000E+00
                0.000E+00  0.000E+00  0.000E+00  9.893E-03  0.000E+00  0.000E+00
                0.000E+00  3.253E+01  0.000E+00  0.000E+00  0.000E+00  0.000E+00
                0.000E+00  9.757E-03  2.439E+01  7.282E+01  0.000E+00  3.512E-01
                0.000E+00  0.000E+00  1.625E+00  2.421E+01  1.365E+02  1.656E-01
                0.000E+00  0.000E+00  0.000E+00  0.000E+00  0.000E+00  7.425E+01
                0.000E+00  0.000E+00  0.000E+00  3.101E-03  0.000E+00  0.000E+00
                4.978E-01  0.000E+00  0.000E+00  9.410E+01
