           8           2
          17          12         136
   0           1   0           3   0          -1   0          -3   0          -5   0           1   0          -3   0           3   0          -1   0          -3   0          -5   0           1   0           3   0           5   0           7   0           5   0          -3
    0.000000E+00    1.145905E+00    1.161331E+00    1.161421E+00    1.161606E+00
    1.163117E+00    1.173541E+00    1.352519E+00    1.356653E+00    1.356678E+00
    1.356729E+00    1.356986E+00    1.358976E+00    1.358985E+00    1.359001E+00
    1.359135E+00    1.359996E+00
1.17972840E+00  6.926E-38  2.308E-68  9.573E-22  4.553E-39  5.558E-16  8.641E-18
                0.000E+00  0.000E+00  0.000E+00  0.000E+00  0.000E+00  0.000E+00
                0.000E+00  0.000E+00  0.000E+00  0.000E+00  2.548E-03  1.053E-02
                3.076E-02  9.062E-22  1.166E-06  0.000E+00  0.000E+00  0.000E+00
                0.000E+00  0.000E+00  0.000E+00  0.000E+00  0.000E+00  0.000E+00
                0.000E+00  1.874E-08  1.914E-04  9.570E-54  2.076E-12  0.000E+00
                0.000E+00  0.000E+00  0.000E+00  0.000E+00  0.000E+00  0.000E+00
                0.000E+00  0.000E+00  0.000E+00  4.378E-04  2.259E-05  9.312E-08
                0.000E+00  0.000E+00  0.000E+00  0.000E+00  0.000E+00  0.000E+00
                0.000E+00  0.000E+00  0.000E+00  0.000E+00  1.291E-23  4.140E-08
                0.000E+00  0.000E+00  0.000E+00  0.000E+00  0.000E+00  0.000E+00
                0.000E+00  0.000E+00  0.000E+00  0.000E+00  7.386E-03  0.000E+00
                0.000E+00  0.000E+00  0.000E+00  0.000E+00  0.000E+00  0.000E+00
                0.000E+00  0.000E+00  0.000E+00  0.000E+00  0.000E+00  0.000E+00
                0.000E+00  0.000E+00  0.000E+00  0.000E+00  0.000E+00  0.000E+00
                0.000E+00  0.000E+00  0.000E+00  0.000E+00  0.000E+00  0.000E+00
                0.000E+00  0.000E+00  0.000E+00  0.000E+00  0.000E+00  0.000E+00
                0.000E+00  0.000E+00  0.000E+00  0.000E+00  0.000E+00  0.000E+00
                0.000E+00  0.000E+00  0.000E+00  0.000E+00  0.000E+00  0.000E+00
                0.000E+00  0.000E+00  0.000E+00  0.000E+00  0.000E+00  0.000E+00
                0.000E+00  0.000E+00  0.000E+00  0.000E+00  0.000E+00  0.000E+00
                0.000E+00  0.000E+00  0.000E+00  0.000E+00  0.000E+00  0.000E+00
                0.000E+00  0.000E+00  0.000E+00  0.000E+00
1.45031678E+00  2.043E-30  4.298E-62  2.103E-14  2.192E-32  1.115E-09  1.896E-10
                4.899E-28  3.407E-57  5.317E-16  1.197E-28  1.035E-11  5.231E-29
                3.155E-12  2.652E-30  4.611E-10  4.151E-12  4.666E-01  1.441E+00
                2.518E+00  2.959E-22  1.194E-04  3.458E-08  1.310E-07  3.027E-07
                7.141E-07  1.427E-18  9.342E-08  6.922E-07  4.672E-06  4.735E-09
                1.111E-07  4.770E-05  1.835E-03  7.340E-54  5.283E-09  4.811E-07
                2.879E-09  2.109E-09  9.665E-08  3.350E-50  8.205E-07  4.877E-10
                7.669E-07  3.337E-12  7.350E-12  4.169E-03  5.007E-04  1.456E-06
                4.030E-07  1.759E-09  3.805E-08  1.838E-07  8.555E-07  3.357E-07
                3.902E-06  1.377E-06  1.012E-06  1.280E-08  9.665E-25  4.680E-07
                7.142E-07  1.693E-08  5.628E-08  5.942E-07  4.495E-21  2.906E-07
                1.585E-06  2.413E-05  1.084E-08  3.790E-10  2.042E+00  2.216E-18
                4.625E-49  1.408E-07  2.286E-20  1.081E-08  1.097E-20  1.072E-08
                1.417E-22  1.567E-06  5.445E-07  8.041E-07  5.358E-10  8.334E-09
                6.833E-09  4.333E-08  2.769E-07  7.127E-07  1.790E-10  1.276E-05
                2.454E-07  3.705E+00  1.138E+01  1.967E+01  1.024E-20  3.346E-02
                5.862E-02  8.908E-02  3.995E-04  1.081E-03  4.544E-03  2.667E-02
                1.386E-49  6.868E+00  3.369E-05  7.476E-05  2.305E-07  5.936E-07
                6.853E-02  4.271E-03  5.140E+00  1.571E+01  2.301E-04  7.750E-02
                2.344E-05  4.001E-21  3.403E-01  5.187E+00  3.021E+01  3.432E-02
                9.107E-06  5.044E-23  3.171E-04  1.505E-23  4.637E-02  1.356E+01
                1.652E-02  1.857E-03  1.133E-04  9.391E-04  1.962E-02  1.472E-04
                1.493E-01  1.345E-04  3.000E-08  2.948E+01
1.72090516E+00  8.028E-29  1.982E-59  1.697E-12  1.100E-29  1.237E-09  1.529E-08
                4.773E-26  1.257E-56  1.757E-14  2.912E-27  8.757E-10  6.584E-27
                1.865E-11  1.600E-28  2.726E-09  1.444E-10  7.461E-01  2.273E+00
                3.875E+00  3.955E-22  1.811E-04  1.477E-05  2.300E-04  8.851E-04
                2.324E-03  8.243E-19  5.760E-04  1.343E-03  3.020E-03  9.191E-06
                7.155E-08  7.943E-05  3.324E-03  2.972E-52  8.814E-09  9.475E-05
                5.367E-06  1.193E-06  1.913E-04  4.304E-50  3.062E-03  1.982E-07
                1.021E-04  1.356E-09  1.484E-10  7.506E-03  6.088E-04  2.671E-06
                2.451E-04  1.205E-06  1.165E-04  3.932E-04  6.909E-07  1.926E-03
                9.147E-03  1.918E-04  4.951E-05  1.198E-07  7.447E-23  8.521E-07
                3.016E-04  8.462E-05  2.312E-04  3.170E-04  4.707E-21  1.759E-04
                2.323E-03  2.361E-02  1.589E-05  2.670E-08  2.961E+00  1.188E-18
                4.482E-49  6.560E-07  3.538E-20  7.084E-06  3.676E-20  1.712E-05
                7.463E-22  2.502E-03  1.912E-03  9.692E-07  5.053E-10  2.080E-07
                8.849E-08  3.282E-04  7.689E-07  9.736E-05  2.545E-08  1.900E-02
                6.774E-04  7.289E+00  2.201E+01  3.697E+01  4.632E-21  8.738E-02
                1.481E-01  2.145E-01  1.013E-03  2.192E-03  1.747E-03  8.754E-02
                2.725E-49  1.151E+01  7.060E-05  2.500E-03  4.830E-07  2.280E-07
                2.000E-01  5.719E-03  8.656E+00  2.601E+01  5.055E-03  1.241E-01
                7.624E-05  7.616E-21  5.835E-01  8.685E+00  4.933E+01  5.817E-02
                2.641E-05  3.481E-23  9.232E-04  6.676E-23  1.350E-01  2.412E+01
                5.224E-02  6.499E-03  3.576E-04  1.397E-03  6.095E-02  2.788E-04
                2.223E-01  4.172E-04  6.564E-07  4.372E+01
1.99149354E+00  1.283E-26  2.451E-57  5.984E-11  1.341E-27  1.193E-09  5.377E-07
                1.506E-24  1.917E-55  1.638E-13  1.166E-25  1.072E-09  2.762E-25
                3.397E-11  1.109E-26  4.965E-09  3.094E-09  9.229E-01  2.799E+00
                4.732E+00  7.485E-22  2.296E-04  1.091E-04  2.480E-03  8.697E-03
                1.939E-02  5.632E-19  4.185E-03  8.559E-03  1.616E-02  5.855E-05
                6.435E-07  1.102E-04  4.726E-03  3.122E-51  1.224E-08  7.651E-04
                3.820E-05  7.431E-06  1.035E-03  4.952E-50  2.657E-02  1.732E-06
                3.559E-04  1.185E-08  9.489E-10  1.063E-02  6.685E-04  3.790E-06
                2.076E-03  7.450E-06  7.405E-04  2.208E-03  5.311E-07  1.773E-02
                7.056E-02  6.839E-04  3.530E-04  7.068E-07  2.856E-22  1.213E-06
                2.809E-03  6.264E-04  1.590E-03  1.885E-03  5.885E-21  1.320E-03
                1.932E-02  1.596E-01  1.322E-04  1.927E-07  3.522E+00  7.340E-19
                5.501E-49  3.143E-06  4.332E-20  5.162E-05  3.182E-20  9.374E-05
                1.566E-21  1.370E-02  1.632E-02  1.497E-06  1.230E-09  1.106E-06
                3.699E-07  2.898E-03  3.244E-06  7.170E-04  9.114E-08  1.332E-01
                4.064E-03  8.851E+00  2.666E+01  4.458E+01  4.039E-21  1.381E-01
                2.328E-01  3.344E-01  1.593E-03  2.785E-03  1.282E-03  1.423E-01
                3.975E-49  1.351E+01  1.246E-04  7.558E-03  8.526E-07  1.671E-07
                3.219E-01  6.315E-03  1.016E+01  3.046E+01  1.518E-02  1.451E-01
                1.237E-04  1.091E-20  6.937E-01  1.019E+01  5.760E+01  6.847E-02
                4.226E-05  1.699E-21  1.496E-03  2.104E-22  2.188E-01  2.866E+01
                8.621E-02  1.166E-02  5.900E-04  1.588E-03  1.016E-01  4.774E-04
                2.536E-01  6.953E-04  1.969E-06  4.967E+01
2.26208192E+00  2.734E-25  5.086E-56  5.430E-10  2.193E-26  3.235E-09  4.867E-06
                1.194E-23  1.736E-54  4.280E-12  1.275E-24  1.299E-09  2.439E-24
                2.588E-10  1.573E-25  3.782E-08  6.062E-08  1.051E+00  3.180E+00
                5.356E+00  1.167E-21  2.690E-04  2.857E-04  7.793E-03  2.619E-02
                5.399E-02  4.211E-19  1.038E-02  2.005E-02  3.498E-02  1.371E-04
                2.404E-06  1.355E-04  6.114E-03  9.602E-51  1.505E-08  2.078E-03
                9.768E-05  1.737E-05  2.246E-03  5.449E-50  7.421E-02  4.723E-06
                6.665E-04  3.231E-08  2.246E-09  1.376E-02  7.105E-04  4.886E-06
                5.789E-03  1.739E-05  1.742E-03  4.883E-03  5.973E-07  5.103E-02
                1.878E-01  1.298E-03  9.271E-04  1.621E-06  4.585E-22  1.579E-06
                8.270E-03  1.568E-03  3.859E-03  4.302E-03  7.247E-21  3.672E-03
                5.391E-02  4.022E-01  3.688E-04  4.733E-07  3.926E+00  5.034E-19
                7.328E-49  7.593E-06  5.198E-20  1.324E-04  2.507E-20  2.028E-04
                2.361E-21  2.965E-02  4.531E-02  2.324E-06  2.276E-09  2.450E-06
                7.666E-07  8.148E-03  7.794E-06  1.837E-03  1.762E-07  3.380E-01
                9.169E-03  9.852E+00  2.964E+01  4.948E+01  4.233E-21  1.868E-01
                3.135E-01  4.479E-01  2.145E-03  3.174E-03  1.182E-03  1.938E-01
                4.970E-49  1.479E+01  1.828E-04  1.436E-02  1.250E-06  1.541E-07
                4.357E-01  6.698E-03  1.113E+01  3.333E+01  2.875E-02  1.587E-01
                1.686E-04  1.348E-20  7.699E-01  1.116E+01  6.293E+01  7.511E-02
                5.703E-05  6.631E-21  2.039E-03  5.014E-22  2.981E-01  3.158E+01
                1.197E-01  1.788E-02  8.194E-04  1.710E-03  1.411E-01  7.088E-04
                2.737E-01  9.656E-04  3.723E-06  5.347E+01
2.53267030E+00  2.030E-24  3.780E-55  2.507E-09  1.414E-25  9.780E-09  2.241E-05
                4.890E-23  8.313E-54  4.270E-11  6.386E-24  1.351E-09  1.078E-23
                1.563E-09  9.268E-25  2.285E-07  5.080E-07  1.152E+00  3.480E+00
                5.848E+00  1.489E-21  3.018E-04  4.960E-04  1.539E-02  5.048E-02
                9.940E-02  3.309E-19  1.758E-02  3.284E-02  5.472E-02  2.247E-04
                5.076E-06  1.521E-04  7.431E-03  1.843E-50  1.689E-08  3.759E-03
                1.667E-04  2.757E-05  3.528E-03  5.829E-50  1.363E-01  8.360E-06
                1.009E-03  5.720E-08  3.580E-09  1.678E-02  7.432E-04  5.910E-06
                1.065E-02  2.758E-05  2.864E-03  7.755E-03  8.545E-07  9.552E-02
                3.360E-01  1.982E-03  1.654E-03  2.613E-06  5.763E-22  1.933E-06
                1.574E-02  2.672E-03  6.465E-03  6.937E-03  8.533E-21  6.874E-03
                9.954E-02  6.986E-01  6.808E-04  7.958E-07  4.243E+00  3.679E-19
                9.370E-49  1.313E-05  6.154E-20  2.256E-04  1.954E-20  3.166E-04
                3.192E-21  4.628E-02  8.286E-02  3.297E-06  3.302E-09  3.906E-06
                1.190E-06  1.498E-02  1.362E-05  3.202E-03  2.725E-07  5.876E-01
                1.464E-02  1.058E+01  3.181E+01  5.306E+01  4.421E-21  2.299E-01
                3.849E-01  5.485E-01  2.634E-03  3.459E-03  1.150E-03  2.376E-01
                5.732E-49  1.573E+01  2.349E-04  2.197E-02  1.607E-06  1.502E-07
                5.352E-01  6.978E-03  1.184E+01  3.543E+01  4.387E-02  1.688E-01
                2.068E-04  1.513E-20  8.295E-01  1.187E+01  6.683E+01  7.999E-02
                6.992E-05  1.323E-20  2.521E-03  8.992E-22  3.685E-01  3.370E+01
                1.489E-01  2.422E-02  1.019E-03  1.799E-03  1.783E-01  9.513E-04
                2.885E-01  1.220E-03  5.678E-06  5.625E+01
2.80325868E+00  8.310E-24  1.595E-54  7.846E-09  5.417E-25  2.667E-08  7.000E-05
                1.370E-22  2.737E-53  2.110E-10  2.058E-23  3.544E-09  3.204E-23
                5.871E-09  3.325E-24  8.581E-07  2.312E-06  1.235E+00  3.727E+00
                6.253E+00  1.680E-21  3.295E-04  7.036E-04  2.423E-02  7.825E-02
                1.494E-01  2.680E-19  2.489E-02  4.549E-02  7.353E-02  3.112E-04
                8.238E-06  1.619E-04  8.751E-03  2.831E-50  1.797E-08  5.574E-03
                2.329E-04  3.633E-05  4.754E-03  6.225E-50  2.046E-01  1.201E-05
                1.385E-03  8.216E-08  4.728E-09  1.976E-02  7.701E-04  6.931E-06
                1.598E-02  3.633E-05  3.971E-03  1.053E-02  1.214E-06  1.452E-01
                4.960E-01  2.737E-03  2.441E-03  3.567E-06  6.769E-22  2.282E-06
                2.418E-02  3.808E-03  9.103E-03  9.482E-03  9.557E-21  1.055E-02
                1.502E-01  1.012E+00  1.027E-03  1.121E-06  4.503E+00  2.806E-19
                1.142E-48  1.905E-05  7.134E-20  3.157E-04  1.531E-20  4.246E-04
                4.093E-21  6.205E-02  1.237E-01  4.320E-06  4.157E-09  5.324E-06
                1.599E-06  2.242E-02  2.004E-05  4.638E-03  3.789E-07  8.505E-01
                1.990E-02  1.115E+01  3.350E+01  5.583E+01  4.462E-21  2.683E-01
                4.480E-01  6.368E-01  3.065E-03  3.680E-03  1.132E-03  2.759E-01
                6.286E-49  1.647E+01  2.757E-04  2.934E-02  1.886E-06  1.479E-07
                6.207E-01  7.195E-03  1.239E+01  3.708E+01  5.850E-02  1.767E-01
                2.402E-04  1.602E-20  8.783E-01  1.243E+01  6.987E+01  8.382E-02
                8.098E-05  1.970E-20  2.946E-03  1.325E-21  4.307E-01  3.535E+01
                1.765E-01  3.097E-02  1.208E-03  1.868E-03  2.126E-01  1.198E-03
                3.000E-01  1.454E-03  7.565E-06  5.842E+01
3.07384705E+00  2.376E-23  4.734E-54  1.907E-08  1.507E-24  5.917E-08  1.699E-04
                2.994E-22  7.300E-53  6.906E-10  4.998E-23  9.608E-09  7.341E-23
                1.567E-08  8.692E-24  2.291E-06  7.228E-06  1.306E+00  3.937E+00
                6.598E+00  1.760E-21  3.535E-04  8.914E-04  3.355E-02  1.072E-01
                2.002E-01  2.213E-19  3.195E-02  5.751E-02  9.092E-02  3.934E-04
                1.158E-05  1.669E-04  1.006E-02  3.838E-50  1.853E-08  7.385E-03
                2.905E-04  4.317E-05  5.887E-03  6.603E-50  2.740E-01  1.534E-05
                1.790E-03  1.050E-07  5.624E-09  2.273E-02  7.931E-04  7.930E-06
                2.135E-02  4.316E-05  5.009E-03  1.311E-02  1.610E-06  1.961E-01
                6.567E-01  3.551E-03  3.234E-03  4.449E-06  7.872E-22  2.631E-06
                3.288E-02  4.912E-03  1.164E-02  1.182E-02  1.026E-20  1.443E-02
                2.021E-01  1.322E+00  1.382E-03  1.432E-06  4.725E+00  2.208E-19
                1.347E-48  2.497E-05  8.096E-20  3.979E-04  1.210E-20  5.243E-04
                5.041E-21  7.663E-02  1.648E-01  5.338E-06  4.807E-09  6.649E-06
                1.982E-06  2.986E-02  2.661E-05  6.054E-03  4.921E-07  1.110E+00
                2.473E-02  1.160E+01  3.485E+01  5.806E+01  4.375E-21  3.010E-01
                5.017E-01  7.120E-01  3.433E-03  3.858E-03  1.110E-03  3.082E-01
                6.656E-49  1.707E+01  3.042E-04  3.623E-02  2.081E-06  1.451E-07
                6.928E-01  7.370E-03  1.284E+01  3.841E+01  7.214E-02  1.831E-01
                2.684E-04  1.635E-20  9.191E-01  1.289E+01  7.234E+01  8.693E-02
                9.030E-05  2.509E-20  3.308E-03  1.714E-21  4.836E-01  3.667E+01
                2.013E-01  3.763E-02  1.378E-03  1.925E-03  2.438E-01  1.436E-03
                3.094E-01  1.668E-03  9.324E-06  6.018E+01
3.34443543E+00  5.365E-23  1.103E-53  3.888E-08  3.376E-24  1.121E-07  3.458E-04
                5.500E-22  1.677E-52  1.743E-09  9.989E-23  2.092E-08  1.403E-22
                3.345E-08  1.831E-23  4.889E-06  1.771E-05  1.367E+00  4.120E+00
                6.899E+00  1.761E-21  3.745E-04  1.058E-03  4.288E-02  1.359E-01
                2.495E-01  1.855E-19  3.866E-02  6.877E-02  1.069E-01  4.704E-04
                1.493E-05  1.683E-04  1.138E-02  4.815E-50  1.868E-08  9.116E-03
                3.384E-04  4.820E-05  6.920E-03  6.943E-50  3.418E-01  1.823E-05
                2.214E-03  1.247E-07  6.285E-09  2.572E-02  8.132E-04  8.950E-06
                2.654E-02  4.819E-05  5.963E-03  1.546E-02  2.006E-06  2.464E-01
                8.125E-01  4.404E-03  4.005E-03  5.250E-06  9.176E-22  2.982E-06
                4.143E-02  5.958E-03  1.402E-02  1.394E-02  1.065E-20  1.835E-02
                2.532E-01  1.620E+00  1.731E-03  1.723E-06  4.917E+00  1.780E-19
                1.550E-48  3.067E-05  9.009E-20  4.747E-04  9.648E-21  6.161E-04
                6.006E-21  9.005E-02  2.044E-01  6.319E-06  5.271E-09  7.869E-06
                2.334E-06  3.698E-02  3.308E-05  7.408E-03  6.093E-07  1.359E+00
                2.912E-02  1.198E+01  3.598E+01  5.991E+01  4.207E-21  3.287E-01
                5.469E-01  7.755E-01  3.742E-03  4.004E-03  1.078E-03  3.351E-01
                6.896E-49  1.756E+01  3.216E-04  4.250E-02  2.200E-06  1.411E-07
                7.530E-01  7.514E-03  1.321E+01  3.952E+01  8.455E-02  1.885E-01
                2.918E-04  1.630E-20  9.538E-01  1.327E+01  7.440E+01  8.952E-02
                9.808E-05  2.910E-20  3.613E-03  2.036E-21  5.282E-01  3.777E+01
                2.234E-01  4.403E-02  1.528E-03  1.972E-03  2.720E-01  1.663E-03
                3.172E-01  1.861E-03  1.092E-05  6.165E+01
3.61502381E+00  1.027E-22  2.225E-53  6.973E-08  6.483E-24  1.892E-07  6.195E-04
                8.909E-22  3.426E-52  3.681E-09  1.736E-22  3.930E-08  2.351E-22
                6.129E-08  3.310E-23  8.958E-06  3.663E-05  1.421E+00  4.281E+00
                7.165E+00  1.711E-21  3.932E-04  1.211E-03  5.196E-02  1.636E-01
                2.964E-01  1.572E-19  4.500E-02  7.930E-02  1.216E-01  5.425E-04
                1.816E-05  1.674E-04  1.269E-02  5.773E-50  1.858E-08  1.073E-02
                3.779E-04  5.173E-05  7.859E-03  7.292E-50  4.067E-01  2.064E-05
                2.650E-03  1.412E-07  6.751E-09  2.868E-02  8.310E-04  9.965E-06
                3.143E-02  5.172E-05  6.837E-03  1.761E-02  2.380E-06  2.948E-01
                9.608E-01  5.280E-03  4.741E-03  5.975E-06  1.069E-21  3.328E-06
                4.958E-02  6.939E-03  1.623E-02  1.586E-02  1.078E-20  2.222E-02
                3.024E-01  1.902E+00  2.068E-03  1.992E-06  5.088E+00  1.462E-19
                1.737E-48  3.606E-05  9.853E-20  5.533E-04  7.759E-21  7.010E-04
                6.951E-21  1.025E-01  2.418E-01  7.248E-06  5.584E-09  9.026E-06
                2.668E-06  4.364E-02  3.932E-05  8.684E-03  7.283E-07  1.593E+00
                3.319E-02  1.230E+01  3.693E+01  6.148E+01  3.998E-21  3.519E-01
                5.849E-01  8.289E-01  4.002E-03  4.128E-03  1.039E-03  3.575E-01
                7.003E-49  1.799E+01  3.297E-04  4.809E-02  2.256E-06  1.360E-07
                8.031E-01  7.636E-03  1.353E+01  4.047E+01  9.567E-02  1.931E-01
                3.113E-04  1.603E-20  9.833E-01  1.359E+01  7.615E+01  9.173E-02
                1.045E-04  3.178E-20  3.868E-03  2.281E-21  5.655E-01  3.870E+01
                2.429E-01  5.007E-02  1.662E-03  2.012E-03  2.973E-01  1.876E-03
                3.238E-01  2.034E-03  1.235E-05  6.289E+01
3.88561219E+00  1.741E-22  3.990E-53  1.136E-07  1.109E-23  2.931E-07  1.008E-03
                1.314E-21  6.412E-52  6.833E-09  2.723E-22  6.619E-08  3.571E-22
                1.006E-07  5.342E-23  1.471E-05  6.693E-05  1.470E+00  4.426E+00
                7.404E+00  1.631E-21  4.101E-04  1.368E-03  6.063E-02  1.898E-01
                3.403E-01  1.345E-19  5.100E-02  8.919E-02  1.353E-01  6.101E-04
                2.123E-05  1.650E-04  1.400E-02  6.634E-50  1.830E-08  1.222E-02
                4.120E-04  5.407E-05  8.784E-03  7.510E-50  4.683E-01  2.260E-05
                3.092E-03  1.546E-07  7.062E-09  3.164E-02  8.470E-04  1.099E-05
                3.595E-02  5.406E-05  7.701E-03  1.973E-02  2.725E-06  3.410E-01
                1.101E+00  6.168E-03  5.436E-03  6.678E-06  1.236E-21  3.672E-06
                5.722E-02  7.917E-03  1.843E-02  1.775E-02  1.072E-20  2.599E-02
                3.492E-01  2.165E+00  2.388E-03  2.255E-06  5.241E+00  1.221E-19
                1.905E-48  4.109E-05  1.062E-19  6.422E-04  6.291E-21  7.863E-04
                7.848E-21  1.149E-01  2.768E-01  8.117E-06  5.780E-09  1.013E-05
                2.987E-06  4.978E-02  4.526E-05  9.876E-03  8.474E-07  1.813E+00
                3.716E-02  1.257E+01  3.774E+01  6.282E+01  3.771E-21  3.714E-01
                6.167E-01  8.738E-01  4.220E-03  4.235E-03  9.936E-04  3.762E-01
                7.049E-49  1.835E+01  3.307E-04  5.304E-02  2.263E-06  1.302E-07
                8.450E-01  7.741E-03  1.380E+01  4.129E+01  1.055E-01  1.970E-01
                3.275E-04  1.561E-20  1.009E+00  1.386E+01  7.767E+01  9.363E-02
                1.099E-04  3.334E-20  4.081E-03  2.454E-21  5.967E-01  3.949E+01
                2.602E-01  5.572E-02  1.780E-03  2.046E-03  3.200E-01  2.073E-03
                3.295E-01  2.189E-03  1.362E-05  6.396E+01
4.15620057E+00  2.693E-22  6.529E-53  1.719E-07  1.737E-23  4.244E-07  1.524E-03
                1.805E-21  1.117E-51  1.151E-08  3.952E-22  1.026E-07  5.037E-22
                1.523E-07  7.924E-23  2.226E-05  1.113E-04  1.514E+00  4.558E+00
                7.621E+00  1.533E-21  4.253E-04  1.545E-03  6.882E-02  2.146E-01
                3.812E-01  1.160E-19  5.717E-02  9.934E-02  1.494E-01  6.795E-04
                2.411E-05  1.616E-04  1.530E-02  7.471E-50  1.792E-08  1.357E-02
                4.443E-04  5.551E-05  9.607E-03  7.800E-50  5.263E-01  2.415E-05
                3.535E-03  1.652E-07  7.256E-09  3.457E-02  8.615E-04  1.201E-05
                4.009E-02  5.549E-05  8.490E-03  2.161E-02  3.038E-06  3.846E-01
                1.232E+00  7.056E-03  6.089E-03  7.314E-06  1.413E-21  4.013E-06
                6.431E-02  8.807E-03  2.041E-02  1.946E-02  1.051E-20  2.961E-02
                3.935E-01  2.412E+00  2.691E-03  2.497E-06  5.379E+00  1.033E-19
                2.064E-48  4.577E-05  1.131E-19  7.501E-04  5.136E-21  8.645E-04
                8.679E-21  1.263E-01  3.091E-01  8.923E-06  5.888E-09  1.109E-05
                3.264E-06  5.540E-02  5.088E-05  1.099E-02  9.653E-07  2.017E+00
                4.062E-02  1.281E+01  3.845E+01  6.399E+01  3.543E-21  3.876E-01
                6.433E-01  9.114E-01  4.402E-03  4.327E-03  9.450E-04  3.918E-01
                7.045E-49  1.867E+01  3.261E-04  5.741E-02  2.231E-06  1.239E-07
                8.799E-01  7.832E-03  1.404E+01  4.200E+01  1.142E-01  2.004E-01
                3.411E-04  1.511E-20  1.031E+00  1.411E+01  7.899E+01  9.528E-02
                1.144E-04  3.401E-20  4.259E-03  2.565E-21  6.227E-01  4.018E+01
                2.754E-01  6.097E-02  1.884E-03  2.076E-03  3.403E-01  2.257E-03
                3.345E-01  2.328E-03  1.474E-05  6.490E+01
