           8           2
          17          13         136
   0           1   0           3   0          -1   0          -3   0          -5   0           1   0          -3   0           3   0          -1   0          -3   0          -5   0           1   0           3   0           5   0           7   0           5   0          -3
    0.000000E+00    1.145905E+00    1.161331E+00    1.161421E+00    1.161606E+00
    1.163117E+00    1.173541E+00    1.352519E+00    1.356653E+00    1.356678E+00
    1.356729E+00    1.356986E+00    1.358976E+00    1.358985E+00    1.359001E+00
    1.359135E+00    1.359996E+00
1.38266969E+00  3.641E-32  8.961E-64  9.495E-15  1.721E-34  7.990E-10  8.570E-11
                3.053E-28  9.887E-59  8.854E-18  3.790E-30  1.495E-14  2.611E-29
                1.195E-15  2.673E-32  1.746E-13  8.177E-16  2.755E-01  8.526E-01
                1.531E+00  2.792E-22  9.445E-05  2.345E-10  5.949E-08  4.771E-08
                8.144E-08  1.322E-18  7.450E-13  1.940E-12  5.241E-10  1.324E-14
                9.953E-08  3.688E-05  1.164E-03  6.290E-54  4.085E-09  2.547E-07
                1.241E-09  7.581E-10  2.469E-09  2.133E-50  5.872E-07  5.031E-12
                1.457E-09  3.442E-14  5.643E-12  2.656E-03  1.221E-04  9.039E-07
                2.113E-07  1.492E-10  1.471E-09  2.363E-09  5.981E-07  1.088E-07
                4.008E-07  2.372E-09  1.044E-06  6.689E-09  7.705E-25  2.942E-07
                3.902E-07  1.355E-09  2.286E-09  4.378E-09  4.246E-21  6.569E-09
                1.078E-07  7.376E-07  7.378E-10  2.969E-10  1.102E+00  1.749E-18
                3.462E-49  1.300E-07  1.342E-20  2.977E-11  2.382E-21  4.334E-13
                8.973E-23  6.338E-11  4.030E-11  4.411E-07  4.512E-10  4.721E-09
                2.876E-09  1.051E-12  2.298E-07  7.431E-07  1.141E-11  9.606E-09
                1.298E-10  1.180E+00  3.793E+00  7.245E+00  8.032E-21  1.206E-02
                2.332E-02  4.065E-02  1.596E-04  4.955E-04  3.870E-03  8.202E-03
                7.290E-50  2.743E+00  2.477E-05  1.942E-05  1.694E-07  5.056E-07
                2.484E-02  6.590E-04  1.976E+00  6.414E+00  9.818E-05  3.833E-02
                7.155E-06  2.742E-21  1.205E-01  1.955E+00  1.260E+01  1.337E-02
                3.245E-06  2.502E-23  1.111E-04  1.004E-23  1.625E-02  5.045E+00
                5.647E-03  5.705E-04  3.864E-05  2.582E-04  6.862E-03  1.369E-04
                5.696E-02  4.694E-05  1.283E-08  9.191E+00
1.65325806E+00  2.542E-29  9.509E-60  5.054E-13  1.959E-30  1.254E-09  4.564E-09
                1.463E-26  1.157E-56  1.332E-14  1.064E-27  7.343E-10  1.772E-27
                1.745E-11  4.577E-29  2.551E-09  9.641E-11  3.603E-01  1.091E+00
                1.890E+00  3.378E-22  1.210E-04  6.175E-06  7.896E-05  3.165E-04
                8.928E-04  8.978E-19  2.273E-04  5.668E-04  1.383E-03  3.878E-06
                7.177E-08  7.050E-05  2.401E-03  1.126E-52  7.821E-09  3.667E-05
                2.236E-06  5.317E-07  8.659E-05  3.999E-50  1.137E-03  7.347E-08
                5.703E-05  5.026E-10  6.598E-11  5.416E-03  1.339E-04  1.885E-06
                9.293E-05  5.402E-07  4.903E-05  1.751E-04  7.474E-07  6.983E-04
                3.614E-03  1.062E-04  2.117E-05  5.683E-08  3.639E-23  6.021E-07
                1.113E-04  3.284E-05  9.324E-05  1.385E-04  4.449E-21  7.465E-05
                8.997E-04  9.989E-03  6.155E-06  1.047E-08  1.210E+00  1.324E-18
                4.145E-49  3.897E-07  3.288E-20  2.969E-06  3.500E-20  7.675E-06
                5.537E-22  1.122E-03  7.190E-04  9.035E-07  4.148E-10  9.965E-08
                4.938E-08  1.212E-04  5.073E-07  3.851E-05  1.425E-08  7.839E-03
                2.899E-04  2.362E+00  7.081E+00  1.202E+01  5.041E-21  5.788E-02
                9.849E-02  1.433E-01  6.738E-04  9.250E-04  1.961E-03  5.912E-02
                2.259E-49  2.981E+00  5.732E-05  1.575E-03  3.922E-07  2.561E-07
                1.356E-01  9.016E-04  2.211E+00  6.666E+00  3.210E-03  3.360E-02
                5.079E-05  6.697E-21  1.466E-01  2.148E+00  1.243E+01  1.470E-02
                1.770E-05  2.552E-23  6.162E-04  4.935E-23  9.007E-02  6.901E+00
                3.500E-02  4.357E-03  2.395E-04  2.886E-04  4.080E-02  1.880E-04
                4.312E-02  2.791E-04  4.170E-07  8.083E+00
1.92384644E+00  4.602E-27  8.971E-58  2.905E-11  5.234E-28  1.108E-09  2.612E-07
                7.544E-25  1.020E-55  6.701E-14  5.280E-26  1.194E-09  1.327E-25
                2.326E-11  4.570E-27  3.400E-09  1.279E-09  3.721E-01  1.120E+00
                1.916E+00  6.365E-22  1.245E-04  7.619E-05  1.622E-03  5.782E-03
                1.327E-02  5.899E-19  2.962E-03  6.196E-03  1.206E-02  4.239E-05
                3.893E-07  1.017E-04  3.508E-03  2.030E-51  1.129E-08  5.269E-04
                2.689E-05  5.381E-06  7.701E-04  4.529E-50  1.811E-02  1.185E-06
                2.854E-04  8.109E-09  6.836E-10  7.899E-03  1.320E-04  2.748E-06
                1.417E-03  5.399E-06  5.350E-04  1.632E-03  5.522E-07  1.195E-02
                4.901E-02  5.460E-04  2.472E-04  5.130E-07  2.319E-22  8.866E-07
                1.878E-03  4.417E-04  1.135E-03  1.378E-03  5.502E-21  9.108E-04
                1.320E-02  1.133E-01  9.029E-05  1.368E-07  1.197E+00  7.839E-19
                4.895E-49  2.301E-06  4.080E-20  3.623E-05  3.240E-20  6.973E-05
                1.366E-21  1.019E-02  1.115E-02  1.327E-06  9.945E-10  8.165E-07
                2.805E-07  1.967E-03  2.397E-06  5.034E-04  7.247E-08  9.405E-02
                2.972E-03  2.295E+00  6.857E+00  1.153E+01  3.944E-21  9.837E-02
                1.662E-01  2.394E-01  1.137E-03  8.954E-04  1.297E-03  1.035E-01
                3.432E-49  2.890E+00  1.105E-04  6.090E-03  7.559E-07  1.692E-07
                2.341E-01  8.709E-04  2.147E+00  6.434E+00  1.225E-02  3.181E-02
                8.909E-05  1.005E-20  1.512E-01  2.094E+00  1.192E+01  1.433E-02
                3.050E-05  9.591E-22  1.076E-03  1.615E-22  1.573E-01  6.664E+00
                6.232E-02  8.498E-03  4.263E-04  2.795E-04  7.356E-02  3.460E-04
                4.240E-02  5.032E-04  1.589E-06  8.007E+00
2.19443482E+00  1.442E-25  2.710E-56  3.387E-10  1.218E-26  2.291E-09  3.038E-06
                7.686E-24  1.064E-54  2.085E-12  7.682E-25  1.238E-09  1.534E-24
                1.519E-10  8.981E-26  2.220E-08  3.150E-08  3.723E-01  1.117E+00
                1.900E+00  1.057E-21  1.247E-04  2.354E-04  6.132E-03  2.075E-02
                4.347E-02  4.324E-19  8.593E-03  1.678E-02  2.973E-02  1.148E-04
                1.833E-06  1.281E-04  4.559E-03  7.673E-51  1.423E-08  1.672E-03
                8.112E-05  1.470E-05  1.899E-03  4.898E-50  5.959E-02  3.879E-06
                5.799E-04  2.654E-08  1.897E-09  1.028E-02  1.295E-04  3.558E-06
                4.627E-03  1.472E-05  1.452E-03  4.113E-03  5.550E-07  4.068E-02
                1.521E-01  1.126E-03  7.523E-04  1.357E-06  4.205E-22  1.164E-06
                6.509E-03  1.288E-03  3.190E-03  3.609E-03  6.840E-21  2.942E-03
                4.308E-02  3.290E-01  2.948E-04  3.911E-07  1.181E+00  5.245E-19
                6.435E-49  6.247E-06  4.913E-20  1.099E-04  2.564E-20  1.717E-04
                2.159E-21  2.510E-02  3.642E-02  2.068E-06  1.992E-09  2.050E-06
                6.466E-07  6.503E-03  6.372E-06  1.494E-03  1.521E-07  2.753E-01
                7.681E-03  2.252E+00  6.721E+00  1.124E+01  4.086E-21  1.369E-01
                2.302E-01  3.297E-01  1.575E-03  8.771E-04  1.164E-03  1.436E-01
                4.415E-49  2.848E+00  1.676E-04  1.238E-02  1.147E-06  1.518E-07
                3.238E-01  8.554E-04  2.117E+00  6.330E+00  2.480E-02  3.109E-02
                1.240E-04  1.279E-20  1.605E-01  2.075E+00  1.167E+01  1.420E-02
                4.214E-05  5.153E-21  1.507E-03  4.152E-22  2.202E-01  6.540E+00
                8.814E-02  1.343E-02  6.030E-04  2.747E-04  1.052E-01  5.331E-04
                4.219E-02  7.197E-04  3.213E-06  7.971E+00
2.46502320E+00  1.317E-24  2.474E-55  1.787E-09  9.422E-26  7.236E-09  1.599E-05
                3.591E-23  5.818E-54  2.602E-11  4.492E-24  1.217E-09  7.783E-24
                1.045E-09  6.303E-25  1.528E-07  3.196E-07  3.705E-01  1.110E+00
                1.881E+00  1.407E-21  1.243E-04  4.379E-04  1.291E-02  4.246E-02
                8.450E-02  3.360E-19  1.531E-02  2.879E-02  4.844E-02  1.969E-04
                4.190E-06  1.461E-04  5.598E-03  1.599E-50  1.622E-08  3.169E-03
                1.488E-04  2.497E-05  3.094E-03  5.352E-50  1.153E-01  7.420E-06
                9.019E-04  5.076E-08  3.241E-09  1.264E-02  1.276E-04  4.358E-06
                8.922E-03  2.498E-05  2.501E-03  6.789E-03  7.546E-07  8.025E-02
                2.854E-01  1.769E-03  1.405E-03  2.280E-06  5.467E-22  1.440E-06
                1.299E-02  2.305E-03  5.598E-03  6.087E-03  8.157E-21  5.784E-03
                8.337E-02  5.961E-01  5.704E-04  6.897E-07  1.168E+00  3.772E-19
                8.313E-49  1.122E-05  5.846E-20  2.014E-04  1.991E-20  2.781E-04
                2.972E-21  4.064E-02  7.010E-02  2.913E-06  3.033E-09  3.392E-06
                1.036E-06  1.254E-02  1.148E-05  2.714E-03  2.421E-07  4.981E-01
                1.276E-02  2.215E+00  6.604E+00  1.101E+01  4.305E-21  1.712E-01
                2.869E-01  4.091E-01  1.963E-03  8.614E-04  1.125E-03  1.782E-01
                5.194E-49  2.815E+00  2.216E-04  1.927E-02  1.516E-06  1.469E-07
                4.013E-01  8.422E-04  2.092E+00  6.250E+00  3.851E-02  3.062E-02
                1.542E-04  1.463E-20  1.711E-01  2.062E+00  1.148E+01  1.411E-02
                5.217E-05  1.150E-20  1.888E-03  7.938E-22  2.760E-01  6.435E+00
                1.118E-01  1.896E-02  7.651E-04  2.708E-04  1.348E-01  7.364E-04
                4.199E-02  9.225E-04  4.985E-06  7.927E+00
2.73561158E+00  6.081E-24  1.165E-54  6.066E-09  4.014E-25  2.109E-08  5.414E-05
                1.089E-22  2.080E-53  1.481E-10  1.586E-23  2.650E-09  2.513E-23
                4.379E-09  2.503E-24  6.400E-07  1.650E-06  3.685E-01  1.103E+00
                1.863E+00  1.626E-21  1.239E-04  6.403E-04  2.066E-02  6.667E-02
                1.284E-01  2.700E-19  2.193E-02  4.028E-02  6.553E-02  2.755E-04
                6.948E-06  1.569E-04  6.639E-03  2.545E-50  1.742E-08  4.718E-03
                2.157E-04  3.403E-05  4.185E-03  5.743E-50  1.743E-01  1.109E-05
                1.249E-03  7.587E-08  4.427E-09  1.500E-02  1.261E-04  5.166E-06
                1.343E-02  3.403E-05  3.503E-03  9.261E-03  1.054E-06  1.228E-01
                4.233E-01  2.466E-03  2.082E-03  3.129E-06  6.463E-22  1.717E-06
                2.000E-02  3.315E-03  7.950E-03  8.395E-03  9.244E-21  8.950E-03
                1.262E-01  8.650E-01  8.633E-04  9.805E-07  1.158E+00  2.844E-19
                1.019E-48  1.629E-05  6.817E-20  2.922E-04  1.550E-20  3.739E-04
                3.852E-21  5.465E-02  1.054E-01  3.724E-06  3.920E-09  4.635E-06
                1.396E-06  1.880E-02  1.679E-05  3.929E-03  3.399E-07  7.202E-01
                1.740E-02  2.175E+00  6.480E+00  1.077E+01  4.380E-21  2.002E-01
                3.344E-01  4.755E-01  2.288E-03  8.448E-04  1.107E-03  2.068E-01
                5.725E-49  2.780E+00  2.649E-04  2.614E-02  1.812E-06  1.446E-07
                4.652E-01  8.276E-04  2.067E+00  6.168E+00  5.212E-02  3.018E-02
                1.792E-04  1.565E-20  1.814E-01  2.047E+00  1.129E+01  1.400E-02
                6.042E-05  1.805E-20  2.209E-03  1.219E-21  3.229E-01  6.321E+00
                1.331E-01  2.473E-02  9.108E-04  2.668E-04  1.618E-01  9.435E-04
                4.170E-02  1.107E-03  6.742E-06  7.863E+00
3.00619996E+00  1.875E-23  3.686E-54  1.557E-08  1.195E-24  4.929E-08  1.387E-04
                2.510E-22  5.836E-53  5.282E-10  4.090E-23  7.622E-09  6.086E-23
                1.257E-08  7.000E-24  1.837E-06  5.582E-06  3.668E-01  1.097E+00
                1.850E+00  1.728E-21  1.236E-04  8.196E-04  2.841E-02  9.046E-02
                1.702E-01  2.217E-19  2.801E-02  5.060E-02  8.037E-02  3.461E-04
                9.726E-06  1.626E-04  7.682E-03  3.492E-50  1.804E-08  6.145E-03
                2.748E-04  4.116E-05  5.126E-03  6.223E-50  2.302E-01  1.450E-05
                1.618E-03  9.917E-08  5.361E-09  1.736E-02  1.250E-04  5.977E-06
                1.764E-02  4.115E-05  4.393E-03  1.141E-02  1.376E-06  1.636E-01
                5.519E-01  3.209E-03  2.716E-03  3.859E-06  7.512E-22  1.994E-06
                2.668E-02  4.245E-03  1.009E-02  1.040E-02  1.001E-20  1.212E-02
                1.669E-01  1.111E+00  1.142E-03  1.244E-06  1.152E+00  2.218E-19
                1.213E-48  2.096E-05  7.777E-20  3.751E-04  1.217E-20  4.563E-04
                4.789E-21  6.669E-02  1.383E-01  4.434E-06  4.600E-09  5.718E-06
                1.710E-06  2.456E-02  2.178E-05  5.028E-03  4.435E-07  9.214E-01
                2.137E-02  2.129E+00  6.340E+00  1.051E+01  4.316E-21  2.236E-01
                3.726E-01  5.288E-01  2.549E-03  8.263E-04  1.088E-03  2.295E-01
                6.085E-49  2.739E+00  2.960E-04  3.254E-02  2.025E-06  1.422E-07
                5.156E-01  8.108E-04  2.036E+00  6.075E+00  6.479E-02  2.972E-02
                1.990E-04  1.606E-20  1.906E-01  2.026E+00  1.108E+01  1.386E-02
                6.693E-05  2.365E-20  2.467E-03  1.621E-21  3.606E-01  6.190E+00
                1.517E-01  3.042E-02  1.038E-03  2.623E-04  1.856E-01  1.144E-03
                4.128E-02  1.270E-03  8.376E-06  7.773E+00
3.27678834E+00  4.455E-23  9.143E-54  3.297E-08  2.806E-24  9.669E-08  2.934E-04
                4.788E-22  1.380E-52  1.410E-09  8.527E-23  1.741E-08  1.210E-22
                2.813E-08  1.546E-23  4.112E-06  1.441E-05  3.654E-01  1.092E+00
                1.839E+00  1.743E-21  1.233E-04  9.711E-04  3.561E-02  1.123E-01
                2.075E-01  1.849E-19  3.345E-02  5.967E-02  9.306E-02  4.082E-04
                1.231E-05  1.644E-04  8.725E-03  4.416E-50  1.825E-08  7.376E-03
                3.239E-04  4.641E-05  5.919E-03  6.565E-50  2.802E-01  1.747E-05
                2.005E-03  1.195E-07  6.051E-09  1.973E-02  1.242E-04  6.790E-06
                2.131E-02  4.640E-05  5.157E-03  1.324E-02  1.679E-06  2.004E-01
                6.655E-01  3.989E-03  3.277E-03  4.473E-06  8.755E-22  2.271E-06
                3.261E-02  5.074E-03  1.197E-02  1.207E-02  1.047E-20  1.512E-02
                2.035E-01  1.325E+00  1.392E-03  1.473E-06  1.147E+00  1.774E-19
                1.388E-48  2.501E-05  8.694E-20  4.513E-04  9.637E-21  5.263E-04
                5.748E-21  7.693E-02  1.671E-01  5.024E-06  5.086E-09  6.636E-06
                1.976E-06  2.950E-02  2.623E-05  5.976E-03  5.507E-07  1.095E+00
                2.467E-02  2.079E+00  6.185E+00  1.023E+01  4.159E-21  2.418E-01
                4.023E-01  5.701E-01  2.752E-03  8.058E-04  1.059E-03  2.467E-01
                6.274E-49  2.692E+00  3.156E-04  3.825E-02  2.159E-06  1.386E-07
                5.539E-01  7.919E-04  2.001E+00  5.968E+00  7.610E-02  2.920E-02
                2.140E-04  1.607E-20  1.983E-01  1.999E+00  1.085E+01  1.368E-02
                7.188E-05  2.787E-20  2.668E-03  1.960E-21  3.899E-01  6.043E+00
                1.676E-01  3.581E-02  1.146E-03  2.573E-04  2.064E-01  1.332E-03
                4.074E-02  1.412E-03  9.833E-06  7.660E+00
3.54737672E+00  8.842E-23  1.887E-53  6.083E-08  5.575E-24  1.675E-07  5.407E-04
                7.975E-22  2.887E-52  3.095E-09  1.529E-22  3.384E-08  2.088E-22
                5.329E-08  2.889E-23  7.789E-06  3.094E-05  3.643E-01  1.089E+00
                1.830E+00  1.702E-21  1.231E-04  1.101E-03  4.202E-02  1.314E-01
                2.395E-01  1.560E-19  3.828E-02  6.760E-02  1.039E-01  4.625E-04
                1.460E-05  1.638E-04  9.765E-03  5.272E-50  1.818E-08  8.391E-03
                3.641E-04  5.009E-05  6.578E-03  6.899E-50  3.235E-01  1.996E-05
                2.405E-03  1.366E-07  6.536E-09  2.208E-02  1.236E-04  7.600E-06
                2.437E-02  5.007E-05  5.805E-03  1.476E-02  1.943E-06  2.326E-01
                7.630E-01  4.793E-03  3.761E-03  4.980E-06  1.021E-21  2.546E-06
                3.766E-02  5.799E-03  1.359E-02  1.346E-02  1.065E-20  1.789E-02
                2.353E-01  1.505E+00  1.610E-03  1.671E-06  1.143E+00  1.449E-19
                1.561E-48  2.840E-05  9.546E-20  5.271E-04  7.696E-21  5.859E-04
                6.695E-21  8.564E-02  1.913E-01  5.494E-06  5.414E-09  7.401E-06
                2.197E-06  3.353E-02  3.008E-05  6.770E-03  6.595E-07  1.240E+00
                2.739E-02  2.024E+00  6.018E+00  9.942E+00  3.952E-21  2.555E-01
                4.245E-01  6.012E-01  2.904E-03  7.839E-04  1.022E-03  2.593E-01
                6.347E-49  2.639E+00  3.254E-04  4.322E-02  2.226E-06  1.337E-07
                5.820E-01  7.713E-04  1.962E+00  5.850E+00  8.594E-02  2.863E-02
                2.250E-04  1.582E-20  2.043E-01  1.968E+00  1.060E+01  1.346E-02
                7.549E-05  3.072E-20  2.818E-03  2.223E-21  4.119E-01  5.884E+00
                1.809E-01  4.079E-02  1.237E-03  2.519E-04  2.242E-01  1.504E-03
                4.008E-02  1.534E-03  1.110E-05  7.527E+00
3.81796510E+00  1.540E-22  3.475E-53  1.012E-07  9.789E-24  2.646E-07  8.989E-04
                1.201E-21  5.476E-52  5.912E-09  2.453E-22  5.849E-08  3.242E-22
                8.965E-08  4.782E-23  1.310E-05  5.812E-05  3.634E-01  1.086E+00
                1.823E+00  1.626E-21  1.229E-04  1.224E-03  4.756E-02  1.478E-01
                2.662E-01  1.329E-19  4.256E-02  7.454E-02  1.132E-01  5.100E-04
                1.657E-05  1.615E-04  1.080E-02  6.117E-50  1.792E-08  9.198E-03
                3.980E-04  5.252E-05  7.121E-03  7.238E-50  3.604E-01  2.200E-05
                2.810E-03  1.505E-07  6.858E-09  2.442E-02  1.232E-04  8.405E-06
                2.684E-02  5.250E-05  6.353E-03  1.602E-02  2.161E-06  2.601E-01
                8.452E-01  5.608E-03  4.170E-03  5.396E-06  1.184E-21  2.818E-06
                4.180E-02  6.424E-03  1.498E-02  1.462E-02  1.061E-20  2.039E-02
                2.626E-01  1.655E+00  1.796E-03  1.838E-06  1.140E+00  1.203E-19
                1.727E-48  3.117E-05  1.032E-19  6.110E-04  6.192E-21  6.369E-04
                7.600E-21  9.309E-02  2.112E-01  5.854E-06  5.618E-09  8.032E-06
                2.379E-06  3.671E-02  3.334E-05  7.426E-03  7.682E-07  1.361E+00
                2.962E-02  1.966E+00  5.844E+00  9.640E+00  3.724E-21  2.654E-01
                4.404E-01  6.237E-01  3.013E-03  7.610E-04  9.774E-04  2.681E-01
                6.342E-49  2.582E+00  3.273E-04  4.745E-02  2.239E-06  1.280E-07
                6.016E-01  7.495E-04  1.919E+00  5.723E+00  9.436E-02  2.801E-02
                2.327E-04  1.540E-20  2.089E-01  1.932E+00  1.035E+01  1.321E-02
                7.801E-05  3.239E-20  2.925E-03  2.411E-21  4.276E-01  5.716E+00
                1.919E-01  4.529E-02  1.313E-03  2.461E-04  2.393E-01  1.657E-03
                3.933E-02  1.637E-03  1.218E-05  7.378E+00
4.08855348E+00  2.432E-22  5.812E-53  1.557E-07  1.564E-23  3.889E-07  1.381E-03
                1.676E-21  9.797E-52  1.017E-08  3.623E-22  9.250E-08  4.649E-22
                1.381E-07  7.229E-23  2.019E-05  9.873E-05  3.626E-01  1.083E+00
                1.816E+00  1.531E-21  1.227E-04  1.354E-03  5.225E-02  1.615E-01
                2.881E-01  1.142E-19  4.637E-02  8.064E-02  1.213E-01  5.517E-04
                1.822E-05  1.582E-04  1.182E-02  6.858E-50  1.754E-08  9.817E-03
                4.292E-04  5.399E-05  7.564E-03  7.556E-50  3.915E-01  2.361E-05
                3.216E-03  1.615E-07  7.057E-09  2.673E-02  1.228E-04  9.201E-06
                2.875E-02  5.397E-05  6.822E-03  1.705E-02  2.334E-06  2.834E-01
                9.137E-01  6.422E-03  4.511E-03  5.733E-06  1.360E-21  3.086E-06
                4.510E-02  6.959E-03  1.615E-02  1.558E-02  1.042E-20  2.265E-02
                2.856E-01  1.779E+00  1.954E-03  1.978E-06  1.138E+00  1.012E-19
                1.885E-48  3.338E-05  1.102E-19  7.118E-04  5.016E-21  6.808E-04
                8.441E-21  9.951E-02  2.271E-01  6.117E-06  5.729E-09  8.546E-06
                2.527E-06  3.912E-02  3.608E-05  7.962E-03  8.754E-07  1.459E+00
                3.144E-02  1.907E+00  5.663E+00  9.331E+00  3.492E-21  2.722E-01
                4.513E-01  6.391E-01  3.088E-03  7.373E-04  9.290E-04  2.739E-01
                6.282E-49  2.522E+00  3.229E-04  5.102E-02  2.209E-06  1.218E-07
                6.145E-01  7.269E-04  1.874E+00  5.587E+00  1.015E-01  2.736E-02
                2.377E-04  1.490E-20  2.122E-01  1.892E+00  1.008E+01  1.294E-02
                7.965E-05  3.313E-20  2.998E-03  2.534E-21  4.382E-01  5.542E+00
                2.009E-01  4.931E-02  1.375E-03  2.400E-04  2.519E-01  1.794E-03
                3.850E-02  1.723E-03  1.309E-05  7.215E+00
4.35914185E+00  3.561E-22  9.030E-53  2.250E-07  2.321E-23  5.404E-07  1.995E-03
                2.206E-21  1.618E-51  1.616E-08  5.021E-22  1.364E-07  6.266E-22
                1.990E-07  1.019E-22  2.909E-05  1.552E-04  3.619E-01  1.081E+00
                1.811E+00  1.426E-21  1.226E-04  1.511E-03  5.615E-02  1.727E-01
                3.056E-01  9.875E-20  4.975E-02  8.602E-02  1.283E-01  5.885E-04
                1.959E-05  1.542E-04  1.283E-02  7.534E-50  1.709E-08  1.027E-02
                4.615E-04  5.475E-05  7.920E-03  7.896E-50  4.173E-01  2.485E-05
                3.617E-03  1.700E-07  7.163E-09  2.900E-02  1.225E-04  9.985E-06
                3.019E-02  5.473E-05  7.232E-03  1.789E-02  2.466E-06  3.029E-01
                9.703E-01  7.227E-03  4.795E-03  6.002E-06  1.542E-21  3.350E-06
                4.764E-02  7.410E-03  1.712E-02  1.641E-02  1.012E-20  2.467E-02
                3.049E-01  1.879E+00  2.086E-03  2.093E-06  1.136E+00  8.625E-20
                2.022E-48  3.510E-05  1.163E-19  8.378E-04  4.090E-21  7.187E-04
                9.205E-21  1.051E-01  2.395E-01  6.298E-06  5.772E-09  8.959E-06
                2.646E-06  4.085E-02  3.836E-05  8.395E-03  9.801E-07  1.539E+00
                3.295E-02  1.846E+00  5.480E+00  9.019E+00  3.265E-21  2.764E-01
                4.581E-01  6.487E-01  3.134E-03  7.134E-04  8.788E-04  2.772E-01
                6.175E-49  2.459E+00  3.146E-04  5.399E-02  2.152E-06  1.152E-07
                6.219E-01  7.038E-04  1.827E+00  5.446E+00  1.074E-01  2.668E-02
                2.405E-04  1.434E-20  2.143E-01  1.849E+00  9.801E+00  1.265E-02
                8.059E-05  3.315E-20  3.043E-03  2.603E-21  4.448E-01  5.366E+00
                2.082E-01  5.285E-02  1.424E-03  2.337E-04  2.624E-01  1.913E-03
                3.762E-02  1.795E-03  1.385E-05  7.043E+00
1.00000000E+06  0.000E+00  0.000E+00  1.357E-04  0.000E+00  0.000E+00  1.190E+00
                0.000E+00  0.000E+00  2.603E-05  0.000E+00  0.000E+00  0.000E+00
                0.000E+00  0.000E+00  0.000E+00  2.296E-01  4.044E+00  1.213E+01
                2.023E+01  0.000E+00  1.388E-03  0.000E+00  9.853E-01  2.953E+00
                4.912E+00  0.000E+00  0.000E+00  0.000E+00  0.000E+00  0.000E+00
                3.400E-04  0.000E+00  0.000E+00  0.000E+00  0.000E+00  1.680E-01
                0.000E+00  0.000E+00  0.000E+00  0.000E+00  6.442E+00  0.000E+00
                0.000E+00  0.000E+00  0.000E+00  0.000E+00  1.367E-03  0.000E+00
                5.069E-01  0.000E+00  0.000E+00  0.000E+00  3.512E-05  4.836E+00
                1.444E+01  0.000E+00  7.170E-02  0.000E+00  0.000E+00  0.000E+00
                8.547E-01  0.000E+00  0.000E+00  0.000E+00  0.000E+00  3.231E-01
                4.813E+00  2.714E+01  3.293E-02  0.000E+00  1.280E+01  0.000E+00
                0.000E+00  5.699E-04  0.000E+00  0.000E+00  0.000E+00  0.000E+00
                0.000E+00  0.000E+00  3.925E+00  1.100E-04  0.000E+00  0.000E+00
                0.000E+00  7.140E-01  6.171E-04  1.200E-01  0.000E+00  2.218E+01
                0.000E+00  2.537E+01  7.611E+01  1.268E+02  0.000E+00  0.000E+00
                0.000E+00  0.000E+00  0.000E+00  9.893E-03  0.000E+00  0.000E+00
                0.000E+00  3.253E+01  0.000E+00  0.000E+00  0.000E+00  0.000E+00
                0.000E+00  9.757E-03  2.439E+01  7.282E+01  0.000E+00  3.512E-01
                0.000E+00  0.000E+00  1.625E+00  2.421E+01  1.365E+02  1.656E-01
                0.000E+00  0.000E+00  0.000E+00  0.000E+00  0.000E+00  7.425E+01
                0.000E+00  0.000E+00  0.000E+00  3.101E-03  0.000E+00  0.000E+00
                4.978E-01  0.000E+00  0.000E+00  9.410E+01
