           8           2
          17          13         136
   0           1   0           3   0          -1   0          -3   0          -5   0           1   0          -3   0           3   0          -1   0          -3   0          -5   0           1   0           3   0           5   0           7   0           5   0          -3
    0.000000E+00    1.145905E+00    1.161331E+00    1.161421E+00    1.161606E+00
    1.163117E+00    1.173541E+00    1.352519E+00    1.356653E+00    1.356678E+00
    1.356729E+00    1.356986E+00    1.358976E+00    1.358985E+00    1.359001E+00
    1.359135E+00    1.359996E+00
1.34884614E+00  7.094E-29  6.658E-61  3.488E-15  4.498E-31  5.342E-10  3.148E-11
                0.000E+00  0.000E+00  0.000E+00  0.000E+00  0.000E+00  0.000E+00
                0.000E+00  0.000E+00  0.000E+00  0.000E+00  2.466E-01  7.684E-01
                1.396E+00  1.314E-18  8.512E-05  0.000E+00  0.000E+00  0.000E+00
                0.000E+00  0.000E+00  0.000E+00  0.000E+00  0.000E+00  0.000E+00
                0.000E+00  3.065E-05  9.976E-04  2.191E-50  3.396E-09  0.000E+00
                0.000E+00  0.000E+00  0.000E+00  0.000E+00  0.000E+00  0.000E+00
                0.000E+00  0.000E+00  0.000E+00  2.282E-03  1.155E-04  7.770E-07
                0.000E+00  0.000E+00  0.000E+00  0.000E+00  0.000E+00  0.000E+00
                0.000E+00  0.000E+00  0.000E+00  0.000E+00  3.684E-21  2.528E-07
                0.000E+00  0.000E+00  0.000E+00  0.000E+00  0.000E+00  0.000E+00
                0.000E+00  0.000E+00  0.000E+00  0.000E+00  1.042E+00  0.000E+00
                0.000E+00  0.000E+00  0.000E+00  0.000E+00  0.000E+00  0.000E+00
                0.000E+00  0.000E+00  0.000E+00  0.000E+00  0.000E+00  0.000E+00
                0.000E+00  0.000E+00  0.000E+00  0.000E+00  0.000E+00  0.000E+00
                0.000E+00  0.000E+00  0.000E+00  0.000E+00  0.000E+00  0.000E+00
                0.000E+00  0.000E+00  0.000E+00  0.000E+00  0.000E+00  0.000E+00
                0.000E+00  0.000E+00  0.000E+00  0.000E+00  0.000E+00  0.000E+00
                0.000E+00  0.000E+00  0.000E+00  0.000E+00  0.000E+00  0.000E+00
                0.000E+00  0.000E+00  0.000E+00  0.000E+00  0.000E+00  0.000E+00
                0.000E+00  0.000E+00  0.000E+00  0.000E+00  0.000E+00  0.000E+00
                0.000E+00  0.000E+00  0.000E+00  0.000E+00  0.000E+00  0.000E+00
                0.000E+00  0.000E+00  0.000E+00  0.000E+00
1.61943452E+00  2.432E-29  3.965E-60  2.569E-13  8.486E-31  1.139E-09  2.325E-09
                6.933E-27  9.869E-57  1.299E-14  6.894E-28  8.145E-10  7.187E-28
                1.824E-11  2.484E-29  2.666E-09  9.137E-11  3.565E-01  1.081E+00
                1.877E+00  3.201E-22  1.198E-04  3.611E-06  4.029E-05  1.651E-04
                4.860E-04  9.579E-19  1.252E-04  3.253E-04  8.385E-04  2.225E-06
                8.060E-08  6.665E-05  2.256E-03  6.095E-53  7.392E-09  2.006E-05
                1.291E-06  3.322E-07  5.183E-05  3.931E-50  6.022E-04  3.926E-08
                3.907E-05  2.686E-10  4.161E-11  5.092E-03  1.338E-04  1.771E-06
                5.017E-05  3.390E-07  2.813E-05  1.038E-04  7.740E-07  3.650E-04
                2.000E-03  7.245E-05  1.265E-05  3.852E-08  2.269E-23  5.656E-07
                5.950E-05  1.771E-05  5.176E-05  8.114E-05  4.368E-21  4.402E-05
                4.941E-04  5.792E-03  3.380E-06  5.749E-09  1.209E+00  1.432E-18
                4.128E-49  3.013E-07  3.168E-20  1.751E-06  3.387E-20  4.563E-06
                4.554E-22  6.670E-04  3.854E-04  8.811E-07  3.938E-10  6.429E-08
                3.562E-08  6.426E-05  4.208E-07  2.116E-05  9.799E-09  4.458E-03
                1.673E-04  2.372E+00  7.118E+00  1.211E+01  5.452E-21  5.281E-02
                9.004E-02  1.313E-01  6.160E-04  9.298E-04  2.163E-03  5.323E-02
                2.103E-49  3.003E+00  5.108E-05  1.182E-03  3.494E-07  2.825E-07
                1.227E-01  9.082E-04  2.226E+00  6.720E+00  2.417E-03  3.405E-02
                4.575E-05  6.256E-21  1.466E-01  2.162E+00  1.255E+01  1.479E-02
                1.602E-05  3.957E-23  5.572E-04  4.199E-23  8.145E-02  6.952E+00
                3.152E-02  3.896E-03  2.156E-04  2.907E-04  3.669E-02  1.713E-04
                4.334E-02  2.510E-04  3.141E-07  8.104E+00
1.89002290E+00  2.588E-27  5.209E-58  1.962E-11  3.113E-28  1.146E-09  1.764E-07
                5.204E-25  7.189E-56  4.402E-14  3.466E-26  1.248E-09  8.961E-26
                2.096E-11  2.842E-27  3.063E-09  8.127E-10  3.716E-01  1.119E+00
                1.917E+00  5.874E-22  1.244E-04  6.202E-05  1.273E-03  4.580E-03
                1.069E-02  6.171E-19  2.428E-03  5.145E-03  1.019E-02  3.520E-05
                2.929E-07  9.781E-05  3.373E-03  1.601E-51  1.086E-08  4.263E-04
                2.198E-05  4.467E-06  6.504E-04  4.531E-50  1.455E-02  9.518E-07
                2.515E-04  6.512E-09  5.656E-10  7.596E-03  1.323E-04  2.643E-06
                1.140E-03  4.483E-06  4.443E-04  1.373E-03  5.686E-07  9.542E-03
                3.983E-02  4.798E-04  2.020E-04  4.277E-07  2.044E-22  8.515E-07
                1.496E-03  3.617E-04  9.358E-04  1.152E-03  5.347E-21  7.388E-04
                1.064E-02  9.325E-02  7.276E-05  1.123E-07  1.200E+00  8.301E-19
                4.824E-49  1.937E-06  3.985E-20  2.955E-05  3.320E-20  5.885E-05
                1.261E-21  8.603E-03  8.968E-03  1.253E-06  8.904E-10  6.887E-07
                2.414E-07  1.578E-03  2.035E-06  4.118E-04  6.359E-08  7.721E-02
                2.487E-03  2.301E+00  6.878E+00  1.157E+01  3.966E-21  9.335E-02
                1.579E-01  2.276E-01  1.080E-03  8.982E-04  1.333E-03  9.814E-02
                3.308E-49  2.897E+00  1.036E-04  5.409E-03  7.089E-07  1.739E-07
                2.222E-01  8.735E-04  2.152E+00  6.453E+00  1.089E-02  3.194E-02
                8.446E-05  9.642E-21  1.503E-01  2.098E+00  1.196E+01  1.435E-02
                2.895E-05  6.760E-22  1.020E-03  1.403E-22  1.491E-01  6.683E+00
                5.898E-02  7.934E-03  4.035E-04  2.803E-04  6.950E-02  3.243E-04
                4.245E-02  4.755E-04  1.412E-06  8.012E+00
2.16061128E+00  1.019E-25  1.909E-56  2.629E-10  8.857E-27  2.061E-09  2.359E-06
                6.056E-24  8.223E-55  1.417E-12  5.836E-25  1.222E-09  1.193E-24
                1.159E-10  6.619E-26  1.694E-08  2.219E-08  3.725E-01  1.118E+00
                1.903E+00  1.006E-21  1.247E-04  2.120E-04  5.417E-03  1.842E-02
                3.891E-02  4.478E-19  7.796E-03  1.532E-02  2.738E-02  1.048E-04
                1.592E-06  1.254E-04  4.433E-03  6.792E-51  1.393E-08  1.502E-03
                7.324E-05  1.341E-05  1.749E-03  4.872E-50  5.336E-02  3.477E-06
                5.416E-04  2.379E-08  1.728E-09  9.996E-03  1.298E-04  3.459E-06
                4.145E-03  1.343E-05  1.325E-03  3.780E-03  5.420E-07  3.631E-02
                1.369E-01  1.050E-03  6.780E-04  1.242E-06  4.007E-22  1.131E-06
                5.799E-03  1.168E-03  2.902E-03  3.304E-03  6.670E-21  2.632E-03
                3.859E-02  2.979E-01  2.640E-04  3.553E-07  1.182E+00  5.490E-19
                6.232E-49  5.675E-06  4.801E-20  9.924E-05  2.645E-20  1.582E-04
                2.059E-21  2.313E-02  3.264E-02  1.966E-06  1.858E-09  1.884E-06
                5.978E-07  5.823E-03  5.790E-06  1.351E-03  1.415E-07  2.492E-01
                7.046E-03  2.257E+00  6.736E+00  1.127E+01  4.054E-21  1.322E-01
                2.226E-01  3.190E-01  1.523E-03  8.792E-04  1.174E-03  1.389E-01
                4.279E-49  2.852E+00  1.603E-04  1.154E-02  1.097E-06  1.531E-07
                3.133E-01  8.570E-04  2.120E+00  6.340E+00  2.312E-02  3.116E-02
                1.199E-04  1.250E-20  1.593E-01  2.077E+00  1.170E+01  1.421E-02
                4.077E-05  4.468E-21  1.455E-03  3.753E-22  2.127E-01  6.554E+00
                8.502E-02  1.278E-02  5.817E-04  2.752E-04  1.013E-01  5.086E-04
                4.221E-02  6.933E-04  2.995E-06  7.975E+00
2.43119965E+00  1.045E-24  1.923E-55  1.494E-09  7.588E-26  6.254E-09  1.337E-05
                3.045E-23  4.837E-54  2.000E-11  3.722E-24  1.221E-09  6.540E-24
                8.445E-10  5.128E-25  1.234E-07  2.501E-07  3.707E-01  1.111E+00
                1.883E+00  1.370E-21  1.244E-04  4.119E-04  1.199E-02  3.953E-02
                7.908E-02  3.460E-19  1.446E-02  2.729E-02  4.616E-02  1.867E-04
                3.863E-06  1.443E-04  5.468E-03  1.462E-50  1.602E-08  2.975E-03
                1.402E-04  2.373E-05  2.949E-03  5.270E-50  1.080E-01  6.959E-06
                8.603E-04  4.761E-08  3.077E-09  1.234E-02  1.278E-04  4.258E-06
                8.359E-03  2.374E-05  2.370E-03  6.462E-03  7.222E-07  7.501E-02
                2.680E-01  1.686E-03  1.320E-03  2.167E-06  5.332E-22  1.406E-06
                1.213E-02  2.176E-03  5.295E-03  5.781E-03  8.002E-21  5.403E-03
                7.807E-02  5.618E-01  5.341E-04  6.521E-07  1.169E+00  3.919E-19
                8.084E-49  1.058E-05  5.726E-20  1.898E-04  2.055E-20  2.652E-04
                2.868E-21  3.876E-02  6.569E-02  2.807E-06  2.909E-09  3.227E-06
                9.886E-07  1.175E-02  1.081E-05  2.558E-03  2.304E-07  4.697E-01
                1.214E-02  2.220E+00  6.619E+00  1.104E+01  4.285E-21  1.671E-01
                2.803E-01  3.999E-01  1.917E-03  8.634E-04  1.128E-03  1.742E-01
                5.103E-49  2.819E+00  2.154E-04  1.840E-02  1.474E-06  1.472E-07
                3.923E-01  8.438E-04  2.095E+00  6.260E+00  3.678E-02  3.067E-02
                1.507E-04  1.444E-20  1.697E-01  2.064E+00  1.150E+01  1.412E-02
                5.100E-05  1.066E-20  1.844E-03  7.422E-22  2.695E-01  6.449E+00
                1.090E-01  1.824E-02  7.456E-04  2.713E-04  1.313E-01  7.105E-04
                4.202E-02  8.981E-04  4.762E-06  7.934E+00
2.70178803E+00  5.155E-24  9.693E-55  5.300E-09  3.427E-25  1.868E-08  4.731E-05
                9.647E-23  1.808E-53  1.228E-10  1.382E-23  2.310E-09  2.210E-23
                3.749E-09  2.155E-24  5.480E-07  1.381E-06  3.687E-01  1.104E+00
                1.865E+00  1.606E-21  1.240E-04  6.160E-04  1.968E-02  6.362E-02
                1.229E-01  2.771E-19  2.113E-02  3.890E-02  6.351E-02  2.661E-04
                6.596E-06  1.559E-04  6.509E-03  2.389E-50  1.731E-08  4.529E-03
                2.077E-04  3.300E-05  4.057E-03  5.724E-50  1.670E-01  1.064E-05
                1.204E-03  7.280E-08  4.292E-09  1.470E-02  1.263E-04  5.065E-06
                1.288E-02  3.300E-05  3.383E-03  8.968E-03  1.014E-06  1.175E-01
                4.064E-01  2.376E-03  1.999E-03  3.029E-06  6.340E-22  1.683E-06
                1.913E-02  3.192E-03  7.666E-03  8.122E-03  9.125E-21  8.550E-03
                1.209E-01  8.324E-01  8.270E-04  9.455E-07  1.159E+00  2.940E-19
                9.913E-49  1.567E-05  6.695E-20  2.812E-04  1.599E-20  3.626E-04
                3.738E-21  5.301E-02  1.010E-01  3.627E-06  3.821E-09  4.488E-06
                1.354E-06  1.804E-02  1.613E-05  3.782E-03  3.273E-07  6.934E-01
                1.686E-02  2.180E+00  6.496E+00  1.080E+01  4.379E-21  1.968E-01
                3.290E-01  4.679E-01  2.251E-03  8.470E-04  1.110E-03  2.036E-01
                5.654E-49  2.784E+00  2.602E-04  2.530E-02  1.780E-06  1.449E-07
                4.580E-01  8.295E-04  2.070E+00  6.179E+00  5.045E-02  3.024E-02
                1.764E-04  1.556E-20  1.802E-01  2.049E+00  1.131E+01  1.402E-02
                5.949E-05  1.727E-20  2.172E-03  1.166E-21  3.175E-01  6.336E+00
                1.306E-01  2.400E-02  8.936E-04  2.673E-04  1.586E-01  9.178E-04
                4.175E-02  1.085E-03  6.528E-06  7.872E+00
2.97237641E+00  1.656E-23  3.256E-54  1.400E-08  1.058E-24  4.481E-08  1.248E-04
                2.288E-22  5.168E-53  4.589E-10  3.682E-23  6.769E-09  5.517E-23
                1.119E-08  6.248E-24  1.636E-06  4.874E-06  3.670E-01  1.098E+00
                1.851E+00  1.721E-21  1.236E-04  7.988E-04  2.746E-02  8.758E-02
                1.652E-01  2.271E-19  2.728E-02  4.938E-02  7.864E-02  3.378E-04
                9.387E-06  1.621E-04  7.551E-03  3.372E-50  1.799E-08  5.976E-03
                2.679E-04  4.037E-05  5.017E-03  6.160E-50  2.235E-01  1.409E-05
                1.571E-03  9.641E-08  5.258E-09  1.707E-02  1.252E-04  5.875E-06
                1.714E-02  4.037E-05  4.288E-03  1.116E-02  1.336E-06  1.587E-01
                5.366E-01  3.114E-03  2.640E-03  3.775E-06  7.372E-22  1.960E-06
                2.588E-02  4.134E-03  9.833E-03  1.016E-02  9.936E-21  1.173E-02
                1.620E-01  1.082E+00  1.109E-03  1.212E-06  1.152E+00  2.284E-19
                1.185E-48  2.040E-05  7.659E-20  3.652E-04  1.254E-20  4.467E-04
                4.669E-21  6.529E-02  1.344E-01  4.352E-06  4.526E-09  5.592E-06
                1.673E-06  2.388E-02  2.118E-05  4.899E-03  4.303E-07  8.977E-01
                2.091E-02  2.135E+00  6.358E+00  1.054E+01  4.330E-21  2.209E-01
                3.683E-01  5.228E-01  2.520E-03  8.287E-04  1.091E-03  2.269E-01
                6.035E-49  2.744E+00  2.928E-04  3.177E-02  2.003E-06  1.426E-07
                5.100E-01  8.130E-04  2.040E+00  6.087E+00  6.327E-02  2.978E-02
                1.968E-04  1.604E-20  1.895E-01  2.029E+00  1.110E+01  1.388E-02
                6.621E-05  2.302E-20  2.438E-03  1.573E-21  3.564E-01  6.207E+00
                1.495E-01  2.972E-02  1.023E-03  2.629E-04  1.828E-01  1.120E-03
                4.134E-02  1.251E-03  8.181E-06  7.786E+00
3.24296479E+00  4.043E-23  8.243E-54  3.028E-08  2.548E-24  8.957E-08  2.695E-04
                4.454E-22  1.239E-52  1.262E-09  7.853E-23  1.587E-08  1.120E-22
                2.570E-08  1.415E-23  3.757E-06  1.295E-05  3.655E-01  1.093E+00
                1.840E+00  1.745E-21  1.233E-04  9.535E-04  3.475E-02  1.097E-01
                2.031E-01  1.890E-19  3.281E-02  5.860E-02  9.158E-02  4.009E-04
                1.200E-05  1.644E-04  8.595E-03  4.320E-50  1.824E-08  7.234E-03
                3.183E-04  4.585E-05  5.828E-03  6.551E-50  2.743E-01  1.712E-05
                1.956E-03  1.171E-07  5.977E-09  1.943E-02  1.243E-04  6.688E-06
                2.089E-02  4.584E-05  5.068E-03  1.303E-02  1.643E-06  1.961E-01
                6.522E-01  3.890E-03  3.211E-03  4.402E-06  8.588E-22  2.237E-06
                3.192E-02  4.976E-03  1.175E-02  1.188E-02  1.043E-20  1.476E-02
                1.992E-01  1.300E+00  1.363E-03  1.446E-06  1.147E+00  1.822E-19
                1.374E-48  2.454E-05  8.583E-20  4.420E-04  9.918E-21  5.181E-04
                5.628E-21  7.574E-02  1.637E-01  4.957E-06  5.035E-09  6.530E-06
                1.945E-06  2.893E-02  2.571E-05  5.866E-03  5.371E-07  1.075E+00
                2.429E-02  2.085E+00  6.205E+00  1.027E+01  4.183E-21  2.398E-01
                3.990E-01  5.656E-01  2.730E-03  8.085E-04  1.064E-03  2.448E-01
                6.262E-49  2.698E+00  3.137E-04  3.758E-02  2.146E-06  1.391E-07
                5.497E-01  7.943E-04  2.006E+00  5.982E+00  7.477E-02  2.926E-02
                2.124E-04  1.608E-20  1.974E-01  2.003E+00  1.088E+01  1.370E-02
                7.134E-05  2.742E-20  2.645E-03  1.922E-21  3.867E-01  6.062E+00
                1.657E-01  3.516E-02  1.134E-03  2.579E-04  2.040E-01  1.309E-03
                4.081E-02  1.395E-03  9.661E-06  7.675E+00
3.51355317E+00  8.180E-23  1.735E-53  5.670E-08  5.155E-24  1.573E-07  5.041E-04
                7.529E-22  2.626E-52  2.829E-09  1.431E-22  3.137E-08  1.963E-22
                4.956E-08  2.692E-23  7.244E-06  2.835E-05  3.644E-01  1.089E+00
                1.831E+00  1.710E-21  1.231E-04  1.086E-03  4.126E-02  1.292E-01
                2.358E-01  1.593E-19  3.771E-02  6.666E-02  1.026E-01  4.561E-04
                1.433E-05  1.640E-04  9.635E-03  5.181E-50  1.820E-08  8.276E-03
                3.594E-04  4.970E-05  6.503E-03  6.933E-50  3.185E-01  1.968E-05
                2.354E-03  1.346E-07  6.485E-09  2.179E-02  1.237E-04  7.499E-06
                2.402E-02  4.969E-05  5.729E-03  1.459E-02  1.912E-06  2.288E-01
                7.517E-01  4.692E-03  3.705E-03  4.922E-06  1.002E-21  2.512E-06
                3.708E-02  5.714E-03  1.340E-02  1.330E-02  1.064E-20  1.755E-02
                2.316E-01  1.484E+00  1.585E-03  1.648E-06  1.144E+00  1.484E-19
                1.543E-48  2.801E-05  9.443E-20  5.174E-04  7.912E-21  5.789E-04
                6.578E-21  8.462E-02  1.885E-01  5.441E-06  5.380E-09  7.313E-06
                2.172E-06  3.308E-02  2.963E-05  6.679E-03  6.458E-07  1.224E+00
                2.708E-02  2.031E+00  6.040E+00  9.979E+00  3.980E-21  2.540E-01
                4.220E-01  5.978E-01  2.887E-03  7.867E-04  1.027E-03  2.579E-01
                6.349E-49  2.646E+00  3.246E-04  4.264E-02  2.221E-06  1.344E-07
                5.790E-01  7.739E-04  1.967E+00  5.865E+00  8.479E-02  2.870E-02
                2.238E-04  1.586E-20  2.037E-01  1.972E+00  1.064E+01  1.349E-02
                7.510E-05  3.043E-20  2.801E-03  2.194E-21  4.095E-01  5.904E+00
                1.794E-01  4.019E-02  1.227E-03  2.526E-04  2.221E-01  1.483E-03
                4.016E-02  1.520E-03  1.095E-05  7.544E+00
3.78414155E+00  1.445E-22  3.245E-53  9.545E-08  9.176E-24  2.509E-07  8.476E-04
                1.146E-21  5.108E-52  5.487E-09  2.324E-22  5.492E-08  3.083E-22
                8.445E-08  4.515E-23  1.234E-05  5.404E-05  3.635E-01  1.086E+00
                1.823E+00  1.637E-21  1.229E-04  1.208E-03  4.691E-02  1.459E-01
                2.632E-01  1.355E-19  4.206E-02  7.373E-02  1.121E-01  5.044E-04
                1.634E-05  1.618E-04  1.067E-02  5.998E-50  1.796E-08  9.108E-03
                3.940E-04  5.227E-05  7.059E-03  7.234E-50  3.562E-01  2.177E-05
                2.759E-03  1.489E-07  6.825E-09  2.412E-02  1.232E-04  8.305E-06
                2.656E-02  5.225E-05  6.289E-03  1.588E-02  2.136E-06  2.569E-01
                8.357E-01  5.506E-03  4.122E-03  5.348E-06  1.163E-21  2.784E-06
                4.133E-02  6.351E-03  1.482E-02  1.448E-02  1.063E-20  2.010E-02
                2.594E-01  1.638E+00  1.775E-03  1.818E-06  1.141E+00  1.230E-19
                1.706E-48  3.085E-05  1.023E-19  5.998E-04  6.360E-21  6.309E-04
                7.490E-21  9.222E-02  2.089E-01  5.814E-06  5.598E-09  7.960E-06
                2.359E-06  3.636E-02  3.296E-05  7.351E-03  7.547E-07  1.347E+00
                2.936E-02  1.973E+00  5.866E+00  9.678E+00  3.753E-21  2.643E-01
                4.387E-01  6.213E-01  3.001E-03  7.639E-04  9.832E-04  2.672E-01
                6.332E-49  2.590E+00  3.274E-04  4.696E-02  2.240E-06  1.288E-07
                5.996E-01  7.522E-04  1.925E+00  5.739E+00  9.339E-02  2.809E-02
                2.319E-04  1.546E-20  2.084E-01  1.936E+00  1.038E+01  1.325E-02
                7.775E-05  3.224E-20  2.914E-03  2.392E-21  4.259E-01  5.737E+00
                1.907E-01  4.475E-02  1.304E-03  2.468E-04  2.375E-01  1.639E-03
                3.943E-02  1.625E-03  1.205E-05  7.397E+00
4.05472993E+00  2.307E-22  5.447E-53  1.481E-07  1.482E-23  3.719E-07  1.314E-03
                1.614E-21  9.105E-52  9.552E-09  3.464E-22  8.771E-08  4.461E-22
                1.314E-07  6.894E-23  1.921E-05  9.283E-05  3.627E-01  1.083E+00
                1.817E+00  1.543E-21  1.228E-04  1.337E-03  5.171E-02  1.599E-01
                2.856E-01  1.163E-19  4.592E-02  7.992E-02  1.203E-01  5.468E-04
                1.803E-05  1.586E-04  1.169E-02  6.799E-50  1.759E-08  9.749E-03
                4.254E-04  5.385E-05  7.514E-03  7.613E-50  3.879E-01  2.343E-05
                3.165E-03  1.603E-07  7.038E-09  2.644E-02  1.228E-04  9.102E-06
                2.854E-02  5.383E-05  6.767E-03  1.694E-02  2.315E-06  2.807E-01
                9.058E-01  6.320E-03  4.472E-03  5.694E-06  1.337E-21  3.053E-06
                4.473E-02  6.897E-03  1.601E-02  1.547E-02  1.045E-20  2.238E-02
                2.829E-01  1.765E+00  1.935E-03  1.962E-06  1.138E+00  1.034E-19
                1.861E-48  3.313E-05  1.093E-19  6.980E-04  5.148E-21  6.756E-04
                8.340E-21  9.876E-02  2.253E-01  6.089E-06  5.719E-09  8.488E-06
                2.511E-06  3.885E-02  3.576E-05  7.901E-03  8.622E-07  1.448E+00
                3.123E-02  1.914E+00  5.686E+00  9.369E+00  3.521E-21  2.715E-01
                4.502E-01  6.375E-01  3.080E-03  7.403E-04  9.352E-04  2.733E-01
                6.274E-49  2.530E+00  3.237E-04  5.061E-02  2.214E-06  1.226E-07
                6.132E-01  7.297E-04  1.880E+00  5.605E+00  1.007E-01  2.744E-02
                2.372E-04  1.496E-20  2.118E-01  1.897E+00  1.011E+01  1.298E-02
                7.949E-05  3.308E-20  2.991E-03  2.522E-21  4.372E-01  5.564E+00
                1.999E-01  4.883E-02  1.368E-03  2.407E-04  2.505E-01  1.777E-03
                3.861E-02  1.713E-03  1.299E-05  7.236E+00
4.32531831E+00  3.408E-22  8.541E-53  2.155E-07  2.217E-23  5.201E-07  1.911E-03
                2.137E-21  1.519E-51  1.531E-08  4.835E-22  1.304E-07  6.054E-22
                1.907E-07  9.796E-23  2.788E-05  1.472E-04  3.620E-01  1.081E+00
                1.812E+00  1.440E-21  1.226E-04  1.489E-03  5.570E-02  1.714E-01
                3.036E-01  1.005E-19  4.935E-02  8.538E-02  1.274E-01  5.841E-04
                1.943E-05  1.547E-04  1.270E-02  7.469E-50  1.715E-08  1.022E-02
                4.573E-04  5.469E-05  7.880E-03  7.993E-50  4.143E-01  2.472E-05
                3.567E-03  1.691E-07  7.154E-09  2.872E-02  1.225E-04  9.888E-06
                3.003E-02  5.467E-05  7.183E-03  1.779E-02  2.451E-06  3.007E-01
                9.638E-01  7.127E-03  4.762E-03  5.971E-06  1.519E-21  3.317E-06
                4.736E-02  7.358E-03  1.701E-02  1.632E-02  1.016E-20  2.443E-02
                3.026E-01  1.868E+00  2.070E-03  2.080E-06  1.136E+00  8.794E-20
                2.010E-48  3.491E-05  1.156E-19  8.204E-04  4.194E-21  7.143E-04
                9.114E-21  1.044E-01  2.381E-01  6.280E-06  5.770E-09  8.912E-06
                2.632E-06  4.067E-02  3.810E-05  8.346E-03  9.672E-07  1.530E+00
                3.278E-02  1.854E+00  5.503E+00  9.058E+00  3.293E-21  2.760E-01
                4.574E-01  6.478E-01  3.129E-03  7.164E-04  8.851E-04  2.769E-01
                6.188E-49  2.467E+00  3.158E-04  5.365E-02  2.160E-06  1.161E-07
                6.212E-01  7.067E-04  1.833E+00  5.464E+00  1.067E-01  2.677E-02
                2.403E-04  1.441E-20  2.141E-01  1.855E+00  9.836E+00  1.269E-02
                8.051E-05  3.318E-20  3.039E-03  2.597E-21  4.442E-01  5.388E+00
                2.073E-01  5.243E-02  1.418E-03  2.345E-04  2.612E-01  1.899E-03
                3.773E-02  1.787E-03  1.376E-05  7.065E+00
1.00000000E+06  0.000E+00  0.000E+00  1.357E-04  0.000E+00  0.000E+00  1.190E+00
                0.000E+00  0.000E+00  2.603E-05  0.000E+00  0.000E+00  0.000E+00
                0.000E+00  0.000E+00  0.000E+00  2.296E-01  4.044E+00  1.213E+01
                2.023E+01  0.000E+00  1.388E-03  0.000E+00  9.853E-01  2.953E+00
                4.912E+00  0.000E+00  0.000E+00  0.000E+00  0.000E+00  0.000E+00
                3.400E-04  0.000E+00  0.000E+00  0.000E+00  0.000E+00  1.680E-01
                0.000E+00  0.000E+00  0.000E+00  0.000E+00  6.442E+00  0.000E+00
                0.000E+00  0.000E+00  0.000E+00  0.000E+00  1.367E-03  0.000E+00
                5.069E-01  0.000E+00  0.000E+00  0.000E+00  3.512E-05  4.836E+00
                1.444E+01  0.000E+00  7.170E-02  0.000E+00  0.000E+00  0.000E+00
                8.547E-01  0.000E+00  0.000E+00  0.000E+00  0.000E+00  3.231E-01
                4.813E+00  2.714E+01  3.293E-02  0.000E+00  1.280E+01  0.000E+00
                0.000E+00  5.699E-04  0.000E+00  0.000E+00  0.000E+00  0.000E+00
                0.000E+00  0.000E+00  3.925E+00  1.100E-04  0.000E+00  0.000E+00
                0.000E+00  7.140E-01  6.171E-04  1.200E-01  0.000E+00  2.218E+01
                0.000E+00  2.537E+01  7.611E+01  1.268E+02  0.000E+00  0.000E+00
                0.000E+00  0.000E+00  0.000E+00  9.893E-03  0.000E+00  0.000E+00
                0.000E+00  3.253E+01  0.000E+00  0.000E+00  0.000E+00  0.000E+00
                0.000E+00  9.757E-03  2.439E+01  7.282E+01  0.000E+00  3.512E-01
                0.000E+00  0.000E+00  1.625E+00  2.421E+01  1.365E+02  1.656E-01
                0.000E+00  0.000E+00  0.000E+00  0.000E+00  0.000E+00  7.425E+01
                0.000E+00  0.000E+00  0.000E+00  3.101E-03  0.000E+00  0.000E+00
                4.978E-01  0.000E+00  0.000E+00  9.410E+01
