           8           2
          17          12         136
   0           1   0           3   0          -1   0          -3   0          -5   0           1   0          -3   0           3   0          -1   0          -3   0          -5   0           1   0           3   0           5   0           7   0           5   0          -3
    0.000000E+00    1.145905E+00    1.161331E+00    1.161421E+00    1.161606E+00
    1.163117E+00    1.173541E+00    1.352519E+00    1.356653E+00    1.356678E+00
    1.356729E+00    1.356986E+00    1.358976E+00    1.358985E+00    1.359001E+00
    1.359135E+00    1.359996E+00
1.24737550E+00  1.302E-29  2.099E-61  1.378E-17  5.374E-32  6.669E-11  1.244E-13
                0.000E+00  0.000E+00  0.000E+00  0.000E+00  0.000E+00  0.000E+00
                0.000E+00  0.000E+00  0.000E+00  0.000E+00  1.049E-01  3.438E-01
                6.757E-01  6.006E-17  3.649E-05  0.000E+00  0.000E+00  0.000E+00
                0.000E+00  0.000E+00  0.000E+00  0.000E+00  0.000E+00  0.000E+00
                0.000E+00  7.968E-06  5.947E-04  7.040E-49  8.827E-10  0.000E+00
                0.000E+00  0.000E+00  0.000E+00  0.000E+00  0.000E+00  0.000E+00
                0.000E+00  0.000E+00  0.000E+00  1.369E-03  2.495E-04  3.979E-07
                0.000E+00  0.000E+00  0.000E+00  0.000E+00  0.000E+00  0.000E+00
                0.000E+00  0.000E+00  0.000E+00  0.000E+00  1.770E-19  1.351E-07
                0.000E+00  0.000E+00  0.000E+00  0.000E+00  0.000E+00  0.000E+00
                0.000E+00  0.000E+00  0.000E+00  0.000E+00  6.221E-01  0.000E+00
                0.000E+00  0.000E+00  0.000E+00  0.000E+00  0.000E+00  0.000E+00
                0.000E+00  0.000E+00  0.000E+00  0.000E+00  0.000E+00  0.000E+00
                0.000E+00  0.000E+00  0.000E+00  0.000E+00  0.000E+00  0.000E+00
                0.000E+00  0.000E+00  0.000E+00  0.000E+00  0.000E+00  0.000E+00
                0.000E+00  0.000E+00  0.000E+00  0.000E+00  0.000E+00  0.000E+00
                0.000E+00  0.000E+00  0.000E+00  0.000E+00  0.000E+00  0.000E+00
                0.000E+00  0.000E+00  0.000E+00  0.000E+00  0.000E+00  0.000E+00
                0.000E+00  0.000E+00  0.000E+00  0.000E+00  0.000E+00  0.000E+00
                0.000E+00  0.000E+00  0.000E+00  0.000E+00  0.000E+00  0.000E+00
                0.000E+00  0.000E+00  0.000E+00  0.000E+00  0.000E+00  0.000E+00
                0.000E+00  0.000E+00  0.000E+00  0.000E+00
1.51796388E+00  2.621E-29  1.157E-60  5.639E-14  4.829E-31  1.101E-09  5.120E-10
                1.351E-27  4.930E-57  8.487E-15  3.867E-28  2.534E-11  1.131E-28
                1.800E-11  1.408E-29  2.631E-09  6.174E-11  5.521E-01  1.696E+00
                2.934E+00  3.007E-22  1.367E-04  2.732E-07  2.032E-06  8.741E-06
                2.998E-05  1.224E-18  7.610E-06  2.628E-05  8.736E-05  1.798E-07
                1.087E-07  5.637E-05  2.222E-03  9.394E-54  6.251E-09  1.563E-06
                6.173E-08  1.224E-07  4.492E-06  3.666E-50  3.119E-05  2.979E-09
                6.527E-06  2.038E-11  1.636E-11  5.038E-03  5.368E-04  1.778E-06
                3.120E-06  1.249E-07  1.785E-06  8.559E-06  8.388E-07  1.819E-05
                1.332E-04  1.197E-05  2.040E-06  1.733E-08  2.940E-24  5.687E-07
                3.904E-06  7.141E-07  2.713E-06  6.495E-06  4.369E-21  4.947E-06
                3.490E-05  4.995E-04  2.387E-07  6.235E-10  2.330E+00  1.901E-18
                4.471E-49  1.664E-07  2.815E-20  1.077E-07  2.529E-20  4.159E-07
                2.156E-22  6.079E-05  2.210E-05  8.437E-07  4.402E-10  1.429E-08
                1.244E-08  3.198E-06  2.932E-07  1.539E-06  1.671E-09  3.429E-04
                1.014E-05  5.074E+00  1.544E+01  2.625E+01  7.898E-21  4.860E-02
                8.366E-02  1.236E-01  5.719E-04  1.442E-03  3.310E-03  4.267E-02
                1.762E-49  8.666E+00  3.399E-05  2.654E-04  2.325E-07  4.323E-07
                1.024E-01  4.858E-03  6.506E+00  1.969E+01  6.035E-04  9.503E-02
                3.747E-05  4.791E-21  4.340E-01  6.547E+00  3.760E+01  4.356E-02
                1.364E-05  6.067E-23  4.757E-04  2.159E-23  6.959E-02  1.764E+01
                2.536E-02  3.039E-03  1.738E-04  1.122E-03  2.989E-02  1.636E-04
                1.776E-01  2.047E-04  7.848E-08  3.510E+01
1.78855225E+00  4.062E-28  7.009E-59  4.934E-12  5.175E-29  1.231E-09  4.439E-08
                1.375E-25  2.249E-56  2.073E-14  8.236E-27  9.742E-10  2.151E-26
                1.517E-11  5.568E-28  2.217E-09  2.561E-10  7.968E-01  2.424E+00
                4.121E+00  4.642E-22  1.943E-04  2.895E-05  5.164E-04  1.925E-03
                4.783E-03  7.405E-19  1.145E-03  2.552E-03  5.398E-03  1.746E-05
                1.134E-07  8.709E-05  3.678E-03  6.575E-52  9.668E-09  1.934E-04
                1.040E-05  2.225E-06  3.437E-04  4.466E-50  6.421E-03  4.174E-07
                1.569E-04  2.855E-09  2.784E-10  8.299E-03  6.263E-04  2.950E-06
                5.081E-04  2.239E-06  2.206E-04  7.154E-04  6.359E-07  4.118E-03
                1.838E-02  2.968E-04  9.579E-05  2.178E-07  1.228E-22  9.435E-07
                6.433E-04  1.698E-04  4.515E-04  5.870E-04  4.970E-21  3.437E-04
                4.769E-03  4.522E-02  3.262E-05  5.318E-08  3.123E+00  1.039E-18
                4.666E-49  1.059E-06  3.741E-20  1.385E-05  3.627E-20  3.096E-05
                9.560E-22  4.525E-03  3.981E-03  1.063E-06  6.331E-10  3.663E-07
                1.412E-07  6.920E-04  1.166E-06  1.937E-04  3.926E-08  3.697E-02
                1.264E-03  7.766E+00  2.343E+01  3.928E+01  4.303E-21  1.002E-01
                1.695E-01  2.448E-01  1.160E-03  2.370E-03  1.555E-03  1.016E-01
                3.052E-49  1.212E+01  8.373E-05  3.565E-03  5.728E-07  2.029E-07
                2.312E-01  5.901E-03  9.116E+00  2.737E+01  7.199E-03  1.304E-01
                8.840E-05  8.475E-21  6.163E-01  9.143E+00  5.185E+01  6.131E-02
                3.047E-05  1.544E-22  1.069E-03  9.099E-23  1.563E-01  2.550E+01
                6.086E-02  7.712E-03  4.166E-04  1.456E-03  7.121E-02  3.250E-04
                2.319E-01  4.874E-04  9.344E-07  4.554E+01
2.05914063E+00  3.139E-26  6.165E-57  1.139E-10  3.049E-27  1.470E-09  1.023E-06
                2.768E-24  3.720E-55  3.870E-13  2.357E-25  1.052E-09  5.239E-25
                5.534E-11  2.425E-26  8.088E-09  6.929E-09  9.585E-01  2.904E+00
                4.905E+00  8.557E-22  2.402E-04  1.472E-04  3.535E-03  1.223E-02
                2.661E-02  5.204E-19  5.563E-03  1.117E-02  2.058E-02  7.643E-05
                9.751E-07  1.172E-04  5.082E-03  4.453E-51  1.301E-08  1.043E-03
                5.122E-05  9.777E-06  1.319E-03  5.107E-50  3.654E-02  2.373E-06
                4.294E-04  1.623E-08  1.255E-09  1.141E-02  6.802E-04  4.093E-06
                2.852E-03  9.795E-06  9.676E-04  2.831E-03  5.253E-07  2.461E-02
                9.554E-02  8.283E-04  4.755E-04  9.176E-07  3.354E-22  1.305E-06
                3.922E-03  8.348E-04  2.099E-03  2.441E-03  6.225E-21  1.806E-03
                2.653E-02  2.124E-01  1.815E-04  2.555E-07  3.634E+00  6.629E-19
                5.941E-49  4.104E-06  4.542E-20  6.933E-05  3.008E-20  1.194E-04
                1.768E-21  1.746E-02  2.240E-02  1.682E-06  1.483E-09  1.417E-06
                4.629E-07  3.996E-03  4.215E-06  9.604E-04  1.109E-07  1.778E-01
                5.248E-03  9.137E+00  2.751E+01  4.598E+01  4.067E-21  1.506E-01
                2.534E-01  3.636E-01  1.734E-03  2.896E-03  1.239E-03  1.553E-01
                4.255E-49  1.387E+01  1.384E-04  9.105E-03  9.467E-07  1.615E-07
                3.509E-01  6.425E-03  1.044E+01  3.128E+01  1.828E-02  1.489E-01
                1.350E-04  1.163E-20  7.149E-01  1.046E+01  5.912E+01  7.036E-02
                4.603E-05  2.660E-21  1.635E-03  2.696E-22  2.390E-01  2.949E+01
                9.440E-02  1.308E-02  6.461E-04  1.623E-03  1.115E-01  5.317E-04
                2.594E-01  7.630E-04  2.369E-06  5.075E+01
2.32972901E+00  4.874E-25  9.071E-56  8.344E-10  3.730E-26  4.194E-09  7.473E-06
                1.776E-23  2.723E-54  8.354E-12  2.011E-24  1.341E-09  3.705E-24
                4.250E-10  2.601E-25  6.212E-08  1.115E-07  1.079E+00  3.261E+00
                5.489E+00  1.259E-21  2.778E-04  3.371E-04  9.522E-03  3.177E-02
                6.461E-02  3.950E-19  1.214E-02  2.320E-02  3.994E-02  1.587E-04
                3.004E-06  1.403E-04  6.436E-03  1.167E-50  1.558E-08  2.475E-03
                1.147E-04  1.998E-05  2.567E-03  5.550E-50  8.877E-02  5.602E-06
                7.487E-04  3.832E-08  2.587E-09  1.452E-02  7.193E-04  5.151E-06
                6.927E-03  1.999E-05  2.018E-03  5.597E-03  6.472E-07  6.138E-02
                2.228E-01  1.462E-03  1.099E-03  1.868E-06  4.917E-22  1.667E-06
                9.994E-03  1.835E-03  4.493E-03  4.957E-03  7.585E-21  4.410E-03
                6.456E-02  4.731E-01  4.416E-04  5.518E-07  4.012E+00  4.631E-19
                7.845E-49  8.908E-06  5.431E-20  1.553E-04  2.355E-20  2.314E-04
                2.562E-21  3.383E-02  5.414E-02  2.558E-06  2.542E-09  2.811E-06
                8.718E-07  9.753E-03  9.163E-06  2.164E-03  1.993E-07  3.977E-01
                1.053E-02  1.005E+01  3.024E+01  5.047E+01  4.290E-21  1.984E-01
                3.323E-01  4.743E-01  2.274E-03  3.253E-03  1.172E-03  2.055E-01
                5.192E-49  1.505E+01  1.968E-04  1.630E-02  1.347E-06  1.529E-07
                4.625E-01  6.776E-03  1.132E+01  3.391E+01  3.261E-02  1.615E-01
                1.789E-04  1.397E-20  7.860E-01  1.136E+01  6.401E+01  7.646E-02
                6.051E-05  8.207E-21  2.167E-03  5.936E-22  3.168E-01  3.216E+01
                1.270E-01  1.933E-02  8.691E-04  1.734E-03  1.503E-01  7.683E-04
                2.778E-01  1.029E-03  4.222E-06  5.424E+01
2.60031739E+00  3.015E-24  5.675E-55  3.434E-09  2.055E-25  1.281E-08  3.068E-05
                6.513E-23  1.149E-53  6.704E-11  8.844E-24  1.596E-09  1.459E-23
                2.266E-09  1.324E-24  3.313E-07  7.772E-07  1.174E+00  3.546E+00
                5.956E+00  1.549E-21  3.091E-04  5.491E-04  1.752E-02  5.721E-02
                1.117E-01  3.132E-19  1.942E-02  3.604E-02  5.954E-02  2.466E-04
                5.834E-06  1.552E-04  7.750E-03  2.103E-50  1.723E-08  4.207E-03
                1.838E-04  2.993E-05  3.841E-03  5.960E-50  1.531E-01  9.289E-06
                1.100E-03  6.355E-08  3.890E-09  1.749E-02  7.504E-04  6.167E-06
                1.196E-02  2.994E-05  3.145E-03  8.462E-03  9.379E-07  1.076E-01
                3.755E-01  2.164E-03  1.848E-03  2.857E-06  6.017E-22  2.016E-06
                1.779E-02  2.957E-03  7.130E-03  7.589E-03  8.816E-21  7.761E-03
                1.119E-01  7.764E-01  7.654E-04  8.779E-07  4.312E+00  3.426E-19
                9.853E-49  1.459E-05  6.398E-20  2.488E-04  1.837E-20  3.443E-04
                3.412E-21  5.032E-02  9.292E-02  3.551E-06  3.535E-09  4.267E-06
                1.294E-06  1.681E-02  1.519E-05  3.559E-03  2.983E-07  6.529E-01
                1.599E-02  1.074E+01  3.227E+01  5.381E+01  4.445E-21  2.403E-01
                4.018E-01  5.719E-01  2.749E-03  3.519E-03  1.146E-03  2.479E-01
                5.889E-49  1.593E+01  2.463E-04  2.383E-02  1.685E-06  1.496E-07
                5.580E-01  7.037E-03  1.199E+01  3.588E+01  4.757E-02  1.710E-01
                2.159E-04  1.542E-20  8.425E-01  1.202E+01  6.766E+01  8.103E-02
                7.287E-05  1.491E-20  2.635E-03  1.006E-21  3.852E-01  3.415E+01
                1.560E-01  2.589E-02  1.068E-03  1.818E-03  1.870E-01  1.013E-03
                2.916E-01  1.280E-03  6.155E-06  5.684E+01
2.87090577E+00  1.111E-23  2.122E-54  9.996E-09  7.173E-25  3.314E-08  8.914E-05
                1.700E-22  3.555E-53  2.925E-10  2.628E-23  4.648E-09  4.025E-23
                7.706E-09  4.335E-24  1.126E-06  3.163E-06  1.254E+00  3.782E+00
                6.344E+00  1.709E-21  3.358E-04  7.526E-04  2.654E-02  8.544E-02
                1.621E-01  2.551E-19  2.668E-02  4.856E-02  7.801E-02  3.322E-04
                9.066E-06  1.635E-04  9.082E-03  3.069E-50  1.815E-08  6.031E-03
                2.482E-04  3.822E-05  5.047E-03  6.368E-50  2.220E-01  1.288E-05
                1.484E-03  8.812E-08  4.976E-09  2.050E-02  7.762E-04  7.190E-06
                1.733E-02  3.822E-05  4.238E-03  1.119E-02  1.311E-06  1.579E-01
                5.364E-01  2.936E-03  2.640E-03  3.795E-06  7.029E-22  2.370E-06
                2.635E-02  4.089E-03  9.750E-03  1.009E-02  9.762E-21  1.150E-02
                1.631E-01  1.090E+00  1.116E-03  1.201E-06  4.562E+00  2.636E-19
                1.197E-48  2.054E-05  7.378E-20  3.370E-04  1.443E-20  4.502E-04
                4.325E-21  6.581E-02  1.341E-01  4.577E-06  4.339E-09  5.665E-06
                1.698E-06  2.429E-02  2.168E-05  4.996E-03  4.067E-07  9.161E-01
                2.115E-02  1.127E+01  3.386E+01  5.643E+01  4.450E-21  2.771E-01
                4.623E-01  6.567E-01  3.163E-03  3.728E-03  1.127E-03  2.846E-01
                6.406E-49  1.663E+01  2.839E-04  3.111E-02  1.942E-06  1.473E-07
                6.399E-01  7.242E-03  1.251E+01  3.744E+01  6.201E-02  1.784E-01
                2.478E-04  1.614E-20  8.891E-01  1.255E+01  7.054E+01  8.466E-02
                8.347E-05  2.117E-20  3.043E-03  1.427E-21  4.448E-01  3.570E+01
                1.830E-01  3.265E-02  1.252E-03  1.884E-03  2.207E-01  1.258E-03
                3.025E-01  1.510E-03  8.018E-06  5.890E+01
3.14149415E+00  2.967E-23  5.962E-54  2.312E-08  1.876E-24  7.031E-08  2.058E-04
                3.536E-22  9.100E-53  8.880E-10  6.038E-23  1.186E-08  8.761E-23
                1.928E-08  1.066E-23  2.818E-06  9.216E-06  1.322E+00  3.985E+00
                6.677E+00  1.766E-21  3.590E-04  9.348E-04  3.590E-02  1.144E-01
                2.127E-01  2.115E-19  3.366E-02  6.039E-02  9.504E-02  4.131E-04
                1.243E-05  1.677E-04  1.038E-02  4.114E-50  1.861E-08  7.827E-03
                3.034E-04  4.458E-05  6.155E-03  6.795E-50  2.911E-01  1.611E-05
                1.895E-03  1.102E-07  5.810E-09  2.346E-02  7.984E-04  8.198E-06
                2.268E-02  4.458E-05  5.256E-03  1.372E-02  1.710E-06  2.088E-01
                6.962E-01  3.761E-03  3.430E-03  4.657E-06  8.177E-22  2.717E-06
                3.505E-02  5.180E-03  1.225E-02  1.237E-02  1.038E-20  1.541E-02
                2.150E-01  1.398E+00  1.470E-03  1.507E-06  4.775E+00  2.088E-19
                1.401E-48  2.642E-05  8.330E-20  4.173E-04  1.142E-20  5.479E-04
                5.282E-21  8.009E-02  1.749E-01  5.587E-06  4.939E-09  6.965E-06
                2.073E-06  3.167E-02  2.824E-05  6.399E-03  5.212E-07  1.173E+00
                2.587E-02  1.170E+01  3.515E+01  5.856E+01  4.339E-21  3.084E-01
                5.138E-01  7.289E-01  3.515E-03  3.897E-03  1.103E-03  3.153E-01
                6.738E-49  1.720E+01  3.095E-04  3.786E-02  2.118E-06  1.442E-07
                7.088E-01  7.408E-03  1.294E+01  3.871E+01  7.537E-02  1.846E-01
                2.747E-04  1.636E-20  9.283E-01  1.299E+01  7.289E+01  8.762E-02
                9.237E-05  2.622E-20  3.389E-03  1.802E-21  4.955E-01  3.697E+01
                2.071E-01  3.924E-02  1.417E-03  1.937E-03  2.512E-01  1.495E-03
                3.115E-01  1.719E-03  9.741E-06  6.057E+01
3.41208253E+00  6.395E-23  1.336E-53  4.547E-08  4.025E-24  1.290E-07  4.043E-04
                6.270E-22  2.010E-52  2.131E-09  1.160E-22  2.477E-08  1.614E-22
                3.939E-08  2.151E-23  5.758E-06  2.153E-05  1.381E+00  4.162E+00
                6.969E+00  1.753E-21  3.794E-04  1.097E-03  4.519E-02  1.429E-01
                2.615E-01  1.778E-19  4.028E-02  7.147E-02  1.107E-01  4.889E-04
                1.575E-05  1.683E-04  1.171E-02  5.062E-50  1.868E-08  9.532E-03
                3.489E-04  4.921E-05  7.163E-03  7.138E-50  3.583E-01  1.888E-05
                2.322E-03  1.291E-07  6.418E-09  2.645E-02  8.178E-04  9.206E-06
                2.780E-02  4.920E-05  6.190E-03  1.602E-02  2.102E-06  2.587E-01
                8.503E-01  4.621E-03  4.193E-03  5.439E-06  9.535E-22  3.067E-06
                4.351E-02  6.210E-03  1.459E-02  1.444E-02  1.071E-20  1.933E-02
                2.657E-01  1.692E+00  1.817E-03  1.793E-06  4.962E+00  1.692E-19
                1.592E-48  3.205E-05  9.227E-20  4.939E-04  9.129E-21  6.379E-04
                6.246E-21  9.324E-02  2.140E-01  6.557E-06  5.362E-09  8.159E-06
                2.417E-06  3.869E-02  3.466E-05  7.735E-03  6.390E-07  1.419E+00
                3.015E-02  1.206E+01  3.623E+01  6.033E+01  4.158E-21  3.349E-01
                5.571E-01  7.898E-01  3.812E-03  4.037E-03  1.069E-03  3.411E-01
                6.928E-49  1.768E+01  3.244E-04  4.396E-02  2.219E-06  1.399E-07
                7.663E-01  7.547E-03  1.330E+01  3.977E+01  8.747E-02  1.897E-01
                2.970E-04  1.625E-20  9.616E-01  1.335E+01  7.487E+01  9.011E-02
                9.980E-05  2.988E-20  3.681E-03  2.105E-21  5.381E-01  3.802E+01
                2.285E-01  4.558E-02  1.563E-03  1.983E-03  2.786E-01  1.718E-03
                3.189E-01  1.906E-03  1.130E-05  6.198E+01
3.68267091E+00  1.183E-22  2.584E-53  7.942E-08  7.487E-24  2.127E-07  7.054E-04
                9.895E-22  3.998E-52  4.342E-09  1.960E-22  4.518E-08  2.632E-22
                7.000E-08  3.766E-23  1.023E-05  4.302E-05  1.434E+00  4.319E+00
                7.228E+00  1.694E-21  3.976E-04  1.249E-03  5.417E-02  1.703E-01
                3.077E-01  1.511E-19  4.653E-02  8.183E-02  1.251E-01  5.598E-04
                1.894E-05  1.670E-04  1.302E-02  6.006E-50  1.852E-08  1.112E-02
                3.868E-04  5.242E-05  8.085E-03  7.456E-50  4.225E-01  2.117E-05
                2.760E-03  1.448E-07  6.842E-09  2.942E-02  8.351E-04  1.022E-05
                3.259E-02  5.240E-05  7.050E-03  1.813E-02  2.469E-06  3.066E-01
                9.966E-01  5.502E-03  4.919E-03  6.146E-06  1.109E-21  3.414E-06
                5.154E-02  7.180E-03  1.677E-02  1.632E-02  1.078E-20  2.318E-02
                3.143E-01  1.969E+00  2.150E-03  2.056E-06  5.128E+00  1.396E-19
                1.778E-48  3.735E-05  1.005E-19  5.742E-04  7.358E-21  7.215E-04
                7.181E-21  1.054E-01  2.508E-01  7.471E-06  5.643E-09  9.317E-06
                2.752E-06  4.523E-02  4.083E-05  8.990E-03  7.582E-07  1.649E+00
                3.423E-02  1.237E+01  3.714E+01  6.183E+01  3.942E-21  3.570E-01
                5.934E-01  8.409E-01  4.060E-03  4.156E-03  1.028E-03  3.625E-01
                7.039E-49  1.808E+01  3.306E-04  4.939E-02  2.261E-06  1.346E-07
                8.143E-01  7.664E-03  1.360E+01  4.068E+01  9.826E-02  1.941E-01
                3.156E-04  1.593E-20  9.900E-01  1.366E+01  7.655E+01  9.223E-02
                1.060E-04  3.226E-20  3.925E-03  2.331E-21  5.738E-01  3.891E+01
                2.474E-01  5.152E-02  1.693E-03  2.021E-03  3.032E-01  1.927E-03
                3.253E-01  2.075E-03  1.268E-05  6.317E+01
3.95325929E+00  1.956E-22  4.537E-53  1.268E-07  1.250E-23  3.234E-07  1.125E-03
                1.431E-21  7.323E-52  7.847E-09  3.008E-22  7.439E-08  3.917E-22
                1.124E-07  5.938E-23  1.643E-05  7.661E-05  1.481E+00  4.460E+00
                7.460E+00  1.607E-21  4.140E-04  1.410E-03  6.272E-02  1.962E-01
                3.508E-01  1.295E-19  5.260E-02  9.183E-02  1.390E-01  6.281E-04
                2.197E-05  1.642E-04  1.433E-02  6.827E-50  1.822E-08  1.257E-02
                4.201E-04  5.451E-05  9.002E-03  7.689E-50  4.832E-01  2.302E-05
                3.203E-03  1.575E-07  7.121E-09  3.237E-02  8.507E-04  1.123E-05
                3.702E-02  5.449E-05  7.907E-03  2.023E-02  2.806E-06  3.521E-01
                1.134E+00  6.390E-03  5.603E-03  6.847E-06  1.279E-21  3.758E-06
                5.904E-02  8.149E-03  1.895E-02  1.819E-02  1.068E-20  2.691E-02
                3.606E-01  2.229E+00  2.466E-03  2.319E-06  5.276E+00  1.170E-19
                1.942E-48  4.229E-05  1.080E-19  6.670E-04  5.976E-21  8.068E-04
                8.063E-21  1.179E-01  2.851E-01  8.324E-06  5.814E-09  1.038E-05
                3.060E-06  5.124E-02  4.670E-05  1.016E-02  8.771E-07  1.865E+00
                3.807E-02  1.263E+01  3.792E+01  6.313E+01  3.714E-21  3.757E-01
                6.238E-01  8.838E-01  4.268E-03  4.259E-03  9.817E-04  3.804E-01
                7.055E-49  1.843E+01  3.300E-04  5.418E-02  2.258E-06  1.286E-07
                8.543E-01  7.765E-03  1.387E+01  4.147E+01  1.078E-01  1.979E-01
                3.311E-04  1.549E-20  1.014E+00  1.393E+01  7.801E+01  9.406E-02
                1.111E-04  3.358E-20  4.129E-03  2.487E-21  6.036E-01  3.967E+01
                2.642E-01  5.707E-02  1.807E-03  2.054E-03  3.253E-01  2.121E-03
                3.308E-01  2.226E-03  1.391E-05  6.421E+01
4.22384766E+00  2.968E-22  7.297E-53  1.888E-07  1.921E-23  4.615E-07  1.674E-03
                1.936E-21  1.253E-51  1.294E-08  4.295E-22  1.133E-07  5.436E-22
                1.671E-07  8.650E-23  2.443E-05  1.249E-04  1.524E+00  4.589E+00
                7.672E+00  1.507E-21  4.289E-04  1.593E-03  7.079E-02  2.205E-01
                3.910E-01  1.119E-19  5.863E-02  1.017E-01  1.527E-01  6.959E-04
                2.480E-05  1.606E-04  1.562E-02  7.639E-50  1.781E-08  1.389E-02
                4.525E-04  5.575E-05  9.794E-03  7.936E-50  5.403E-01  2.447E-05
                3.645E-03  1.674E-07  7.290E-09  3.530E-02  8.649E-04  1.225E-05
                4.107E-02  5.573E-05  8.675E-03  2.204E-02  3.111E-06  3.951E-01
                1.263E+00  7.277E-03  6.246E-03  7.458E-06  1.459E-21  4.098E-06
                6.599E-02  9.012E-03  2.087E-02  1.986E-02  1.044E-20  3.049E-02
                4.042E-01  2.471E+00  2.764E-03  2.552E-06  5.412E+00  9.926E-20
                2.106E-48  4.688E-05  1.147E-19  7.810E-04  4.888E-21  8.827E-04
                8.875E-21  1.290E-01  3.168E-01  9.115E-06  5.904E-09  1.130E-05
                3.327E-06  5.673E-02  5.224E-05  1.125E-02  9.945E-07  2.066E+00
                4.141E-02  1.286E+01  3.861E+01  6.426E+01  3.486E-21  3.912E-01
                6.493E-01  9.198E-01  4.442E-03  4.348E-03  9.326E-04  3.953E-01
                7.016E-49  1.874E+01  3.242E-04  5.842E-02  2.218E-06  1.223E-07
                8.877E-01  7.853E-03  1.410E+01  4.216E+01  1.163E-01  2.012E-01
                3.441E-04  1.497E-20  1.036E+00  1.416E+01  7.929E+01  9.566E-02
                1.154E-04  3.406E-20  4.299E-03  2.584E-21  6.285E-01  4.034E+01
                2.789E-01  6.222E-02  1.908E-03  2.083E-03  3.450E-01  2.300E-03
                3.356E-01  2.361E-03  1.500E-05  6.511E+01
