           8           2
          17          13         136
   0           1   0           3   0          -1   0          -3   0          -5   0           1   0          -3   0           3   0          -1   0          -3   0          -5   0           1   0           3   0           5   0           7   0           5   0          -3
    0.000000E+00    1.145905E+00    1.161331E+00    1.161421E+00    1.161606E+00
    1.163117E+00    1.173541E+00    1.352519E+00    1.356653E+00    1.356678E+00
    1.356729E+00    1.356986E+00    1.358976E+00    1.358985E+00    1.359001E+00
    1.359135E+00    1.359996E+00
1.28119904E+00  9.481E-31  8.891E-62  2.373E-16  1.157E-32  3.174E-10  2.143E-12
                0.000E+00  0.000E+00  0.000E+00  0.000E+00  0.000E+00  0.000E+00
                0.000E+00  0.000E+00  0.000E+00  0.000E+00  1.599E-01  5.106E-01
                9.658E-01  7.130E-19  5.656E-05  0.000E+00  0.000E+00  0.000E+00
                0.000E+00  0.000E+00  0.000E+00  0.000E+00  0.000E+00  0.000E+00
                0.000E+00  1.568E-05  6.416E-04  9.628E-51  1.737E-09  0.000E+00
                0.000E+00  0.000E+00  0.000E+00  0.000E+00  0.000E+00  0.000E+00
                0.000E+00  0.000E+00  0.000E+00  1.486E-03  8.892E-05  4.943E-07
                0.000E+00  0.000E+00  0.000E+00  0.000E+00  0.000E+00  0.000E+00
                0.000E+00  0.000E+00  0.000E+00  0.000E+00  1.946E-21  1.646E-07
                0.000E+00  0.000E+00  0.000E+00  0.000E+00  0.000E+00  0.000E+00
                0.000E+00  0.000E+00  0.000E+00  0.000E+00  8.027E-01  0.000E+00
                0.000E+00  0.000E+00  0.000E+00  0.000E+00  0.000E+00  0.000E+00
                0.000E+00  0.000E+00  0.000E+00  0.000E+00  0.000E+00  0.000E+00
                0.000E+00  0.000E+00  0.000E+00  0.000E+00  0.000E+00  0.000E+00
                0.000E+00  0.000E+00  0.000E+00  0.000E+00  0.000E+00  0.000E+00
                0.000E+00  0.000E+00  0.000E+00  0.000E+00  0.000E+00  0.000E+00
                0.000E+00  0.000E+00  0.000E+00  0.000E+00  0.000E+00  0.000E+00
                0.000E+00  0.000E+00  0.000E+00  0.000E+00  0.000E+00  0.000E+00
                0.000E+00  0.000E+00  0.000E+00  0.000E+00  0.000E+00  0.000E+00
                0.000E+00  0.000E+00  0.000E+00  0.000E+00  0.000E+00  0.000E+00
                0.000E+00  0.000E+00  0.000E+00  0.000E+00  0.000E+00  0.000E+00
                0.000E+00  0.000E+00  0.000E+00  0.000E+00
1.55178742E+00  2.921E-29  2.971E-60  8.583E-14  5.064E-31  9.571E-10  7.793E-10
                1.963E-27  1.033E-56  1.059E-14  4.260E-28  3.228E-10  1.331E-28
                1.885E-11  1.518E-29  2.755E-09  7.612E-11  3.455E-01  1.051E+00
                1.836E+00  2.987E-22  1.165E-04  8.344E-07  6.764E-06  2.926E-05
                9.511E-05  1.104E-18  2.492E-05  7.341E-05  2.171E-04  5.022E-07
                1.014E-07  5.881E-05  1.957E-03  1.356E-53  6.521E-09  4.177E-06
                2.346E-07  1.485E-07  1.278E-05  3.714E-50  1.071E-04  7.294E-09
                1.398E-05  4.990E-11  1.863E-11  4.425E-03  1.332E-04  1.537E-06
                9.674E-06  1.525E-07  5.827E-06  2.486E-05  8.204E-07  6.309E-05
                4.061E-04  2.561E-05  3.764E-06  2.018E-08  6.343E-24  4.907E-07
                1.145E-05  2.870E-06  9.689E-06  1.852E-05  4.283E-21  1.147E-05
                1.021E-04  1.355E-03  6.982E-07  1.234E-09  1.203E+00  1.693E-18
                4.197E-49  1.941E-07  2.909E-20  3.975E-07  2.908E-20  1.114E-06
                2.966E-22  1.628E-04  7.207E-05  8.531E-07  3.986E-10  2.338E-08
                1.753E-08  1.131E-05  3.179E-07  4.215E-06  3.564E-09  9.814E-04
                3.520E-05  2.386E+00  7.182E+00  1.229E+01  6.714E-21  4.291E-02
                7.339E-02  1.077E-01  5.021E-04  9.381E-04  2.747E-03  4.110E-02
                1.809E-49  3.061E+00  3.874E-05  5.101E-04  2.650E-07  3.588E-07
                9.639E-02  9.247E-04  2.266E+00  6.868E+00  1.079E-03  3.531E-02
                3.544E-05  5.403E-21  1.475E-01  2.200E+00  1.287E+01  1.505E-02
                1.259E-05  6.389E-23  4.386E-04  2.885E-23  6.411E-02  7.078E+00
                2.442E-02  2.997E-03  1.671E-04  2.960E-04  2.841E-02  1.415E-04
                4.405E-02  1.943E-04  1.403E-07  8.170E+00
1.82237580E+00  7.832E-28  1.418E-58  8.119E-12  9.927E-29  1.228E-09  7.302E-08
                2.245E-25  3.211E-56  2.527E-14  1.373E-26  1.086E-09  3.673E-26
                1.554E-11  1.001E-27  2.271E-09  3.726E-10  3.701E-01  1.116E+00
                1.916E+00  4.970E-22  1.239E-04  3.837E-05  7.217E-04  2.655E-03
                6.445E-03  6.789E-19  1.517E-03  3.316E-03  6.842E-03  2.268E-05
                1.560E-07  9.010E-05  3.102E-03  9.184E-52  1.000E-08  2.594E-04
                1.372E-05  2.882E-06  4.362E-04  4.312E-50  8.704E-03  5.676E-07
                1.871E-04  3.883E-09  3.622E-10  6.986E-03  1.329E-04  2.432E-06
                6.859E-04  2.897E-06  2.865E-04  9.126E-04  6.108E-07  5.627E-03
                2.449E-02  3.550E-04  1.262E-04  2.785E-07  1.495E-22  7.813E-07
                8.792E-04  2.252E-04  5.926E-04  7.546E-04  5.054E-21  4.553E-04
                6.419E-03  5.913E-02  4.391E-05  7.032E-08  1.204E+00  9.367E-19
                4.553E-49  1.315E-06  3.792E-20  1.834E-05  3.461E-20  3.936E-05
                1.056E-21  5.754E-03  5.383E-03  1.120E-06  7.050E-10  4.618E-07
                1.707E-07  9.399E-04  1.419E-06  2.565E-04  4.696E-08  4.859E-02
                1.628E-03  2.316E+00  6.925E+00  1.167E+01  4.072E-21  8.328E-02
                1.410E-01  2.037E-01  9.645E-04  9.044E-04  1.431E-03  8.731E-02
                3.017E-49  2.914E+00  9.007E-05  4.138E-03  6.162E-07  1.866E-07
                1.980E-01  8.793E-04  2.164E+00  6.495E+00  8.338E-03  3.225E-02
                7.508E-05  8.825E-21  1.487E-01  2.107E+00  1.206E+01  1.441E-02
                2.581E-05  2.768E-22  9.062E-04  1.051E-22  1.325E-01  6.729E+00
                5.222E-02  6.848E-03  3.573E-04  2.821E-04  6.135E-02  2.824E-04
                4.255E-02  4.197E-04  1.082E-06  8.025E+00
2.09296418E+00  4.759E-26  9.206E-57  1.528E-10  4.437E-27  1.649E-09  1.372E-06
                3.640E-24  4.938E-55  6.060E-13  3.238E-25  1.085E-09  6.985E-25
                6.842E-11  3.446E-26  1.000E-08  1.035E-08  3.727E-01  1.119E+00
                1.908E+00  9.002E-22  1.248E-04  1.677E-04  4.106E-03  1.411E-02
                3.038E-02  4.816E-19  6.261E-03  1.247E-02  2.273E-02  8.534E-05
                1.159E-06  1.191E-04  4.170E-03  5.107E-51  1.323E-08  1.182E-03
                5.822E-05  1.095E-05  1.452E-03  4.778E-50  4.167E-02  2.723E-06
                4.660E-04  1.863E-08  1.408E-09  9.399E-03  1.304E-04  3.256E-06
                3.241E-03  1.097E-05  1.079E-03  3.125E-03  5.264E-07  2.815E-02
                1.082E-01  9.007E-04  5.373E-04  1.017E-06  3.579E-22  1.061E-06
                4.477E-03  9.369E-04  2.346E-03  2.709E-03  6.329E-21  2.057E-03
                3.016E-02  2.386E-01  2.063E-04  2.864E-07  1.186E+00  6.035E-19
                5.802E-49  4.586E-06  4.587E-20  7.885E-05  2.813E-20  1.315E-04
                1.866E-21  1.923E-02  2.552E-02  1.767E-06  1.599E-09  1.557E-06
                5.019E-07  4.545E-03  4.689E-06  1.079E-03  1.208E-07  1.994E-01
                5.800E-03  2.267E+00  6.768E+00  1.134E+01  3.997E-21  1.228E-01
                2.069E-01  2.970E-01  1.416E-03  8.834E-04  1.192E-03  1.292E-01
                4.093E-49  2.862E+00  1.453E-04  9.886E-03  9.942E-07  1.554E-07
                2.915E-01  8.606E-04  2.126E+00  6.363E+00  1.983E-02  3.131E-02
                1.114E-04  1.187E-20  1.568E-01  2.081E+00  1.175E+01  1.424E-02
                3.794E-05  3.217E-21  1.350E-03  3.027E-22  1.974E-01  6.582E+00
                7.867E-02  1.151E-02  5.382E-04  2.763E-04  9.354E-02  4.605E-04
                4.226E-02  6.399E-04  2.570E-06  7.984E+00
2.36355256E+00  6.366E-25  1.183E-55  1.021E-09  4.776E-26  4.634E-09  9.139E-06
                2.141E-23  3.293E-54  1.137E-11  2.490E-24  1.282E-09  4.511E-24
                5.370E-10  3.293E-25  7.849E-08  1.480E-07  3.712E-01  1.113E+00
                1.888E+00  1.290E-21  1.245E-04  3.601E-04  1.019E-02  3.382E-02
                6.841E-02  3.675E-19  1.276E-02  2.428E-02  4.153E-02  1.661E-04
                3.233E-06  1.403E-04  5.209E-03  1.279E-50  1.558E-08  2.589E-03
                1.229E-04  2.118E-05  2.653E-03  5.192E-50  9.353E-02  6.045E-06
                7.782E-04  4.136E-08  2.743E-09  1.175E-02  1.282E-04  4.058E-06
                7.247E-03  2.119E-05  2.107E-03  5.797E-03  6.627E-07  6.470E-02
                2.337E-01  1.522E-03  1.152E-03  1.938E-06  5.047E-22  1.337E-06
                1.044E-02  1.917E-03  4.687E-03  5.163E-03  7.682E-21  4.657E-03
                6.761E-02  4.936E-01  4.625E-04  5.767E-07  1.172E+00  4.241E-19
                7.592E-49  9.302E-06  5.489E-20  1.664E-04  2.189E-20  2.390E-04
                2.660E-21  3.494E-02  5.698E-02  2.595E-06  2.653E-09  2.893E-06
                8.919E-07  1.019E-02  9.497E-06  2.247E-03  2.073E-07  4.129E-01
                1.088E-02  2.229E+00  6.648E+00  1.109E+01  4.236E-21  1.588E-01
                2.666E-01  3.808E-01  1.824E-03  8.673E-04  1.136E-03  1.659E-01
                4.945E-49  2.827E+00  2.025E-04  1.666E-02  1.385E-06  1.482E-07
                3.737E-01  8.471E-04  2.101E+00  6.279E+00  3.332E-02  3.078E-02
                1.434E-04  1.404E-20  1.671E-01  2.067E+00  1.155E+01  1.414E-02
                4.860E-05  9.004E-21  1.752E-03  6.416E-22  2.560E-01  6.475E+00
                1.032E-01  1.683E-02  7.059E-04  2.722E-04  1.240E-01  6.590E-04
                4.207E-02  8.484E-04  4.315E-06  7.945E+00
2.63414094E+00  3.631E-24  6.801E-55  3.988E-09  2.453E-25  1.447E-08  3.562E-05
                7.461E-23  1.344E-53  8.271E-11  1.032E-23  1.791E-09  1.684E-23
                2.698E-09  1.568E-24  3.943E-07  9.482E-07  3.692E-01  1.105E+00
                1.869E+00  1.559E-21  1.241E-04  5.663E-04  1.771E-02  5.752E-02
                1.120E-01  2.922E-19  1.950E-02  3.609E-02  5.937E-02  2.469E-04
                5.895E-06  1.536E-04  6.249E-03  2.177E-50  1.706E-08  4.145E-03
                1.913E-04  3.084E-05  3.793E-03  5.664E-50  1.523E-01  9.730E-06
                1.116E-03  6.657E-08  4.010E-09  1.411E-02  1.266E-04  4.863E-06
                1.176E-02  3.085E-05  3.138E-03  8.369E-03  9.356E-07  1.069E-01
                3.721E-01  2.199E-03  1.831E-03  2.823E-06  6.096E-22  1.613E-06
                1.737E-02  2.943E-03  7.088E-03  7.562E-03  8.871E-21  7.750E-03
                1.102E-01  7.660E-01  7.539E-04  8.741E-07  1.161E+00  3.148E-19
                9.516E-49  1.442E-05  6.451E-20  2.589E-04  1.701E-20  3.395E-04
                3.515E-21  4.963E-02  9.227E-02  3.429E-06  3.611E-09  4.186E-06
                1.266E-06  1.649E-02  1.481E-05  3.483E-03  3.025E-07  6.387E-01
                1.573E-02  2.191E+00  6.528E+00  1.086E+01  4.371E-21  1.899E-01
                3.177E-01  4.522E-01  2.173E-03  8.513E-04  1.114E-03  1.968E-01
                5.577E-49  2.793E+00  2.501E-04  2.360E-02  1.711E-06  1.454E-07
                4.429E-01  8.333E-04  2.077E+00  6.200E+00  4.709E-02  3.035E-02
                1.704E-04  1.535E-20  1.776E-01  2.053E+00  1.136E+01  1.405E-02
                5.754E-05  1.567E-20  2.096E-03  1.059E-21  3.064E-01  6.365E+00
                1.255E-01  2.256E-02  8.583E-04  2.683E-04  1.520E-01  8.662E-04
                4.183E-02  1.040E-03  6.094E-06  7.890E+00
2.90472932E+00  1.274E-23  2.459E-54  1.122E-08  8.200E-25  3.670E-08  1.001E-04
                1.883E-22  4.003E-53  3.415E-10  2.952E-23  5.288E-09  4.488E-23
                8.764E-09  4.918E-24  1.281E-06  3.670E-06  3.674E-01  1.099E+00
                1.854E+00  1.702E-21  1.237E-04  7.557E-04  2.554E-02  8.172E-02
                1.549E-01  2.382E-19  2.580E-02  4.688E-02  7.507E-02  3.207E-04
                8.699E-06  1.609E-04  7.291E-03  3.121E-50  1.786E-08  5.630E-03
                2.538E-04  3.871E-05  4.791E-03  6.096E-50  2.098E-01  1.326E-05
                1.477E-03  9.074E-08  5.041E-09  1.647E-02  1.254E-04  5.672E-06
                1.612E-02  3.871E-05  4.074E-03  1.064E-02  1.256E-06  1.487E-01
                5.052E-01  2.926E-03  2.486E-03  3.600E-06  7.100E-22  1.890E-06
                2.424E-02  3.908E-03  9.315E-03  9.684E-03  9.764E-21  1.094E-02
                1.521E-01  1.022E+00  1.040E-03  1.149E-06  1.154E+00  2.426E-19
                1.139E-48  1.927E-05  7.421E-20  3.450E-04  1.331E-20  4.269E-04
                4.431E-21  6.240E-02  1.264E-01  4.181E-06  4.369E-09  5.332E-06
                1.598E-06  2.249E-02  1.997E-05  4.633E-03  4.041E-07  8.490E-01
                1.996E-02  2.147E+00  6.394E+00  1.061E+01  4.354E-21  2.154E-01
                3.594E-01  5.102E-01  2.458E-03  8.335E-04  1.096E-03  2.217E-01
                5.968E-49  2.755E+00  2.858E-04  3.021E-02  1.955E-06  1.433E-07
                4.982E-01  8.174E-04  2.048E+00  6.111E+00  6.018E-02  2.990E-02
                1.922E-04  1.596E-20  1.873E-01  2.034E+00  1.116E+01  1.392E-02
                6.469E-05  2.170E-20  2.377E-03  1.476E-21  3.475E-01  6.241E+00
                1.451E-01  2.831E-02  9.924E-04  2.640E-04  1.771E-01  1.070E-03
                4.146E-02  1.211E-03  7.782E-06  7.810E+00
3.17531770E+00  3.300E-23  6.662E-54  2.535E-08  2.084E-24  7.636E-08  2.257E-04
                3.828E-22  1.004E-52  1.002E-09  6.609E-23  1.308E-08  9.534E-23
                2.128E-08  1.175E-23  3.111E-06  1.035E-05  3.659E-01  1.094E+00
                1.842E+00  1.746E-21  1.234E-04  9.173E-04  3.299E-02  1.044E-01
                1.941E-01  1.976E-19  3.149E-02  5.641E-02  8.853E-02  3.859E-04
                1.137E-05  1.641E-04  8.334E-03  4.092E-50  1.822E-08  6.939E-03
                3.066E-04  4.464E-05  5.638E-03  6.553E-50  2.622E-01  1.641E-05
                1.858E-03  1.123E-07  5.819E-09  1.884E-02  1.245E-04  6.485E-06
                2.001E-02  4.464E-05  4.885E-03  1.259E-02  1.569E-06  1.871E-01
                6.248E-01  3.693E-03  3.076E-03  4.256E-06  8.263E-22  2.167E-06
                3.049E-02  4.776E-03  1.129E-02  1.148E-02  1.033E-20  1.402E-02
                1.903E-01  1.248E+00  1.302E-03  1.391E-06  1.148E+00  1.924E-19
                1.317E-48  2.356E-05  8.357E-20  4.232E-04  1.051E-20  5.014E-04
                5.387E-21  7.328E-02  1.568E-01  4.817E-06  4.924E-09  6.311E-06
                1.881E-06  2.775E-02  2.463E-05  5.639E-03  5.102E-07  1.033E+00
                2.351E-02  2.098E+00  6.245E+00  1.034E+01  4.226E-21  2.355E-01
                3.921E-01  5.559E-01  2.682E-03  8.137E-04  1.071E-03  2.408E-01
                6.197E-49  2.710E+00  3.095E-04  3.620E-02  2.118E-06  1.401E-07
                5.409E-01  7.992E-04  2.015E+00  6.010E+00  7.203E-02  2.940E-02
                2.089E-04  1.610E-20  1.956E-01  2.010E+00  1.094E+01  1.375E-02
                7.019E-05  2.645E-20  2.599E-03  1.841E-21  3.799E-01  6.099E+00
                1.619E-01  3.383E-02  1.108E-03  2.592E-04  1.990E-01  1.263E-03
                4.096E-02  1.361E-03  9.308E-06  7.705E+00
3.44590608E+00  6.957E-23  1.455E-53  4.902E-08  4.381E-24  1.380E-07  4.359E-04
                6.676E-22  2.206E-52  2.347E-09  1.247E-22  2.680E-08  1.726E-22
                4.261E-08  2.323E-23  6.229E-06  2.365E-05  3.647E-01  1.090E+00
                1.833E+00  1.723E-21  1.232E-04  1.054E-03  3.971E-02  1.246E-01
                2.281E-01  1.661E-19  3.654E-02  6.475E-02  1.000E-01  4.430E-04
                1.378E-05  1.643E-04  9.376E-03  4.976E-50  1.823E-08  8.036E-03
                3.499E-04  4.887E-05  6.346E-03  6.914E-50  3.081E-01  1.908E-05
                2.254E-03  1.306E-07  6.375E-09  2.120E-02  1.239E-04  7.297E-06
                2.330E-02  4.886E-05  5.574E-03  1.422E-02  1.849E-06  2.211E-01
                7.284E-01  4.490E-03  3.589E-03  4.801E-06  9.642E-22  2.443E-06
                3.587E-02  5.539E-03  1.301E-02  1.297E-02  1.061E-20  1.688E-02
                2.240E-01  1.441E+00  1.532E-03  1.600E-06  1.144E+00  1.560E-19
                1.504E-48  2.720E-05  9.235E-20  4.982E-04  8.365E-21  5.646E-04
                6.343E-21  8.253E-02  1.828E-01  5.331E-06  5.307E-09  7.131E-06
                2.119E-06  3.212E-02  2.870E-05  6.489E-03  6.186E-07  1.189E+00
                2.643E-02  2.045E+00  6.082E+00  1.005E+01  4.033E-21  2.508E-01
                4.169E-01  5.907E-01  2.852E-03  7.923E-04  1.037E-03  2.550E-01
                6.327E-49  2.659E+00  3.227E-04  4.144E-02  2.208E-06  1.357E-07
                5.725E-01  7.791E-04  1.977E+00  5.896E+00  8.242E-02  2.884E-02
                2.213E-04  1.593E-20  2.022E-01  1.980E+00  1.070E+01  1.355E-02
                7.427E-05  2.980E-20  2.767E-03  2.133E-21  4.044E-01  5.944E+00
                1.762E-01  3.897E-02  1.205E-03  2.539E-04  2.179E-01  1.441E-03
                4.034E-02  1.491E-03  1.065E-05  7.579E+00
3.71649445E+00  1.267E-22  2.786E-53  8.451E-08  8.025E-24  2.250E-07  7.507E-04
                1.041E-21  4.361E-52  4.702E-09  2.077E-22  4.822E-08  2.778E-22
                7.463E-08  4.007E-23  1.091E-05  4.649E-05  3.637E-01  1.087E+00
                1.825E+00  1.658E-21  1.230E-04  1.178E-03  4.558E-02  1.420E-01
                2.568E-01  1.410E-19  4.102E-02  7.205E-02  1.099E-01  4.929E-04
                1.587E-05  1.625E-04  1.041E-02  5.798E-50  1.803E-08  8.919E-03
                3.858E-04  5.173E-05  6.930E-03  7.297E-50  3.473E-01  2.129E-05
                2.658E-03  1.456E-07  6.754E-09  2.354E-02  1.233E-04  8.105E-06
                2.598E-02  5.172E-05  6.158E-03  1.558E-02  2.084E-06  2.503E-01
                8.161E-01  5.302E-03  4.025E-03  5.250E-06  1.121E-21  2.716E-06
                4.035E-02  6.201E-03  1.448E-02  1.421E-02  1.065E-20  1.948E-02
                2.529E-01  1.602E+00  1.730E-03  1.778E-06  1.141E+00  1.287E-19
                1.667E-48  3.020E-05  1.004E-19  5.780E-04  6.713E-21  6.186E-04
                7.267E-21  9.043E-02  2.042E-01  5.731E-06  5.553E-09  7.810E-06
                2.315E-06  3.561E-02  3.218E-05  7.195E-03  7.275E-07  1.318E+00
                2.883E-02  1.988E+00  5.910E+00  9.754E+00  3.811E-21  2.621E-01
                4.351E-01  6.162E-01  2.977E-03  7.697E-04  9.946E-04  2.652E-01
                6.352E-49  2.604E+00  3.274E-04  4.595E-02  2.240E-06  1.303E-07
                5.951E-01  7.578E-04  1.936E+00  5.772E+00  9.137E-02  2.825E-02
                2.301E-04  1.557E-20  2.074E-01  1.946E+00  1.044E+01  1.331E-02
                7.718E-05  3.189E-20  2.889E-03  2.349E-21  4.223E-01  5.780E+00
                1.880E-01  4.366E-02  1.286E-03  2.483E-04  2.339E-01  1.602E-03
                3.962E-02  1.600E-03  1.179E-05  7.435E+00
3.98708283E+00  2.069E-22  4.830E-53  1.336E-07  1.324E-23  3.391E-07  1.185E-03
                1.491E-21  7.926E-52  8.388E-09  3.156E-22  7.862E-08  4.094E-22
                1.185E-07  6.248E-23  1.732E-05  8.176E-05  3.629E-01  1.084E+00
                1.819E+00  1.568E-21  1.228E-04  1.303E-03  5.059E-02  1.566E-01
                2.804E-01  1.208E-19  4.499E-02  7.845E-02  1.184E-01  5.367E-04
                1.764E-05  1.595E-04  1.144E-02  6.623E-50  1.769E-08  9.605E-03
                4.176E-04  5.354E-05  7.409E-03  7.609E-50  3.805E-01  2.305E-05
                3.064E-03  1.577E-07  6.995E-09  2.586E-02  1.229E-04  8.904E-06
                2.810E-02  5.352E-05  6.654E-03  1.669E-02  2.274E-06  2.751E-01
                8.895E-01  6.117E-03  4.391E-03  5.615E-06  1.293E-21  2.986E-06
                4.395E-02  6.769E-03  1.573E-02  1.524E-02  1.051E-20  2.183E-02
                2.774E-01  1.735E+00  1.898E-03  1.928E-06  1.139E+00  1.078E-19
                1.827E-48  3.261E-05  1.076E-19  6.715E-04  5.425E-21  6.651E-04
                8.135E-21  9.721E-02  2.216E-01  6.029E-06  5.697E-09  8.366E-06
                2.476E-06  3.830E-02  3.511E-05  7.774E-03  8.355E-07  1.424E+00
                3.080E-02  1.929E+00  5.731E+00  9.447E+00  3.579E-21  2.700E-01
                4.478E-01  6.340E-01  3.063E-03  7.463E-04  9.475E-04  2.720E-01
                6.334E-49  2.545E+00  3.251E-04  4.976E-02  2.224E-06  1.242E-07
                6.103E-01  7.354E-04  1.891E+00  5.639E+00  9.895E-02  2.761E-02
                2.361E-04  1.510E-20  2.111E-01  1.907E+00  1.018E+01  1.305E-02
                7.913E-05  3.295E-20  2.974E-03  2.495E-21  4.348E-01  5.608E+00
                1.978E-01  4.786E-02  1.353E-03  2.423E-04  2.475E-01  1.745E-03
                3.882E-02  1.693E-03  1.277E-05  7.278E+00
4.25767121E+00  3.111E-22  7.702E-53  1.972E-07  2.017E-23  4.805E-07  1.749E-03
                2.002E-21  1.345E-51  1.370E-08  4.471E-22  1.188E-07  5.638E-22
                1.747E-07  9.024E-23  2.554E-05  1.320E-04  3.622E-01  1.082E+00
                1.813E+00  1.466E-21  1.226E-04  1.448E-03  5.478E-02  1.688E-01
                2.995E-01  1.042E-19  4.853E-02  8.408E-02  1.257E-01  5.752E-04
                1.911E-05  1.557E-04  1.245E-02  7.307E-50  1.727E-08  1.012E-02
                4.490E-04  5.454E-05  7.796E-03  7.851E-50  4.082E-01  2.443E-05
                3.467E-03  1.671E-07  7.133E-09  2.815E-02  1.226E-04  9.693E-06
                2.970E-02  5.452E-05  7.084E-03  1.759E-02  2.421E-06  2.960E-01
                9.504E-01  6.926E-03  4.695E-03  5.908E-06  1.473E-21  3.252E-06
                4.676E-02  7.250E-03  1.678E-02  1.611E-02  1.025E-20  2.394E-02
                2.980E-01  1.844E+00  2.039E-03  2.053E-06  1.137E+00  9.148E-20
                1.978E-48  3.451E-05  1.141E-19  7.871E-04  4.412E-21  7.051E-04
                8.929E-21  1.031E-01  2.352E-01  6.239E-06  5.763E-09  8.815E-06
                2.605E-06  4.027E-02  3.755E-05  8.243E-03  9.412E-07  1.511E+00
                3.242E-02  1.869E+00  5.549E+00  9.136E+00  3.349E-21  2.751E-01
                4.560E-01  6.457E-01  3.119E-03  7.224E-04  8.978E-04  2.762E-01
                6.243E-49  2.483E+00  3.181E-04  5.294E-02  2.176E-06  1.177E-07
                6.197E-01  7.125E-04  1.845E+00  5.500E+00  1.053E-01  2.694E-02
                2.397E-04  1.455E-20  2.136E-01  1.866E+00  9.905E+00  1.276E-02
                8.031E-05  3.321E-20  3.029E-03  2.583E-21  4.428E-01  5.432E+00
                2.056E-01  5.158E-02  1.407E-03  2.361E-04  2.587E-01  1.870E-03
                3.796E-02  1.770E-03  1.358E-05  7.109E+00
1.00000000E+06  0.000E+00  0.000E+00  1.357E-04  0.000E+00  0.000E+00  1.190E+00
                0.000E+00  0.000E+00  2.603E-05  0.000E+00  0.000E+00  0.000E+00
                0.000E+00  0.000E+00  0.000E+00  2.296E-01  4.044E+00  1.213E+01
                2.023E+01  0.000E+00  1.388E-03  0.000E+00  9.853E-01  2.953E+00
                4.912E+00  0.000E+00  0.000E+00  0.000E+00  0.000E+00  0.000E+00
                3.400E-04  0.000E+00  0.000E+00  0.000E+00  0.000E+00  1.680E-01
                0.000E+00  0.000E+00  0.000E+00  0.000E+00  6.442E+00  0.000E+00
                0.000E+00  0.000E+00  0.000E+00  0.000E+00  1.367E-03  0.000E+00
                5.069E-01  0.000E+00  0.000E+00  0.000E+00  3.512E-05  4.836E+00
                1.444E+01  0.000E+00  7.170E-02  0.000E+00  0.000E+00  0.000E+00
                8.547E-01  0.000E+00  0.000E+00  0.000E+00  0.000E+00  3.231E-01
                4.813E+00  2.714E+01  3.293E-02  0.000E+00  1.280E+01  0.000E+00
                0.000E+00  5.699E-04  0.000E+00  0.000E+00  0.000E+00  0.000E+00
                0.000E+00  0.000E+00  3.925E+00  1.100E-04  0.000E+00  0.000E+00
                0.000E+00  7.140E-01  6.171E-04  1.200E-01  0.000E+00  2.218E+01
                0.000E+00  2.537E+01  7.611E+01  1.268E+02  0.000E+00  0.000E+00
                0.000E+00  0.000E+00  0.000E+00  9.893E-03  0.000E+00  0.000E+00
                0.000E+00  3.253E+01  0.000E+00  0.000E+00  0.000E+00  0.000E+00
                0.000E+00  9.757E-03  2.439E+01  7.282E+01  0.000E+00  3.512E-01
                0.000E+00  0.000E+00  1.625E+00  2.421E+01  1.365E+02  1.656E-01
                0.000E+00  0.000E+00  0.000E+00  0.000E+00  0.000E+00  7.425E+01
                0.000E+00  0.000E+00  0.000E+00  3.101E-03  0.000E+00  0.000E+00
                4.978E-01  0.000E+00  0.000E+00  9.410E+01
