           8           2
          17          13         136
   0           1   0           3   0          -1   0          -3   0          -5   0           1   0          -3   0           3   0          -1   0          -3   0          -5   0           1   0           3   0           5   0           7   0           5   0          -3
    0.000000E+00    1.145905E+00    1.161331E+00    1.161421E+00    1.161606E+00
    1.163117E+00    1.173541E+00    1.352519E+00    1.356653E+00    1.356678E+00
    1.356729E+00    1.356986E+00    1.358976E+00    1.358985E+00    1.359001E+00
    1.359135E+00    1.359996E+00
1.31502259E+00  1.326E-28  5.561E-60  1.506E-15  1.302E-30  4.447E-10  1.360E-11
                0.000E+00  0.000E+00  0.000E+00  0.000E+00  0.000E+00  0.000E+00
                0.000E+00  0.000E+00  0.000E+00  0.000E+00  2.087E-01  6.566E-01
                1.212E+00  8.012E-18  7.273E-05  0.000E+00  0.000E+00  0.000E+00
                0.000E+00  0.000E+00  0.000E+00  0.000E+00  0.000E+00  0.000E+00
                0.000E+00  2.313E-05  8.182E-04  1.206E-49  2.563E-09  0.000E+00
                0.000E+00  0.000E+00  0.000E+00  0.000E+00  0.000E+00  0.000E+00
                0.000E+00  0.000E+00  0.000E+00  1.885E-03  1.051E-04  6.259E-07
                0.000E+00  0.000E+00  0.000E+00  0.000E+00  0.000E+00  0.000E+00
                0.000E+00  0.000E+00  0.000E+00  0.000E+00  2.197E-20  2.088E-07
                0.000E+00  0.000E+00  0.000E+00  0.000E+00  0.000E+00  0.000E+00
                0.000E+00  0.000E+00  0.000E+00  0.000E+00  9.491E-01  0.000E+00
                0.000E+00  0.000E+00  0.000E+00  0.000E+00  0.000E+00  0.000E+00
                0.000E+00  0.000E+00  0.000E+00  0.000E+00  0.000E+00  0.000E+00
                0.000E+00  0.000E+00  0.000E+00  0.000E+00  0.000E+00  0.000E+00
                0.000E+00  0.000E+00  0.000E+00  0.000E+00  0.000E+00  0.000E+00
                0.000E+00  0.000E+00  0.000E+00  0.000E+00  0.000E+00  0.000E+00
                0.000E+00  0.000E+00  0.000E+00  0.000E+00  0.000E+00  0.000E+00
                0.000E+00  0.000E+00  0.000E+00  0.000E+00  0.000E+00  0.000E+00
                0.000E+00  0.000E+00  0.000E+00  0.000E+00  0.000E+00  0.000E+00
                0.000E+00  0.000E+00  0.000E+00  0.000E+00  0.000E+00  0.000E+00
                0.000E+00  0.000E+00  0.000E+00  0.000E+00  0.000E+00  0.000E+00
                0.000E+00  0.000E+00  0.000E+00  0.000E+00
1.58561097E+00  3.134E-29  5.383E-60  1.387E-13  5.940E-31  1.012E-09  1.259E-09
                3.243E-27  1.201E-56  1.348E-14  5.074E-28  7.157E-10  2.361E-28
                1.939E-11  1.693E-29  2.834E-09  9.493E-11  3.516E-01  1.068E+00
                1.859E+00  3.072E-22  1.184E-04  1.904E-06  1.805E-05  7.588E-05
                2.338E-04  1.026E-18  6.110E-05  1.666E-04  4.573E-04  1.140E-06
                9.133E-08  6.266E-05  2.108E-03  2.912E-53  6.949E-09  9.804E-06
                6.501E-07  2.081E-07  2.781E-05  3.832E-50  2.789E-04  1.852E-08
                2.480E-05  1.267E-10  2.623E-11  4.762E-03  1.336E-04  1.654E-06
                2.396E-05  2.135E-07  1.424E-05  5.502E-05  7.985E-07  1.667E-04
                9.796E-04  4.572E-05  7.076E-06  2.683E-08  1.279E-23  5.285E-07
                2.820E-05  8.130E-06  2.497E-05  4.213E-05  4.312E-21  2.365E-05
                2.422E-04  3.013E-03  1.657E-06  2.810E-09  1.207E+00  1.555E-18
                4.132E-49  2.377E-07  3.037E-20  9.379E-07  3.199E-20  2.430E-06
                3.722E-22  3.552E-04  1.821E-04  8.647E-07  3.880E-10  3.953E-08
                2.515E-08  2.975E-05  3.590E-07  1.023E-05  6.252E-09  2.261E-03
                8.486E-05  2.381E+00  7.154E+00  1.220E+01  5.992E-21  4.786E-02
                8.167E-02  1.194E-01  5.587E-04  9.345E-04  2.418E-03  4.728E-02
                1.956E-49  3.029E+00  4.493E-05  8.255E-04  3.074E-07  3.158E-07
                1.097E-01  9.159E-04  2.244E+00  6.787E+00  1.700E-03  3.460E-02
                4.070E-05  5.839E-21  1.469E-01  2.178E+00  1.269E+01  1.490E-02
                1.432E-05  5.414E-23  4.984E-04  3.498E-23  7.285E-02  7.011E+00
                2.798E-02  3.440E-03  1.914E-04  2.931E-04  3.252E-02  1.556E-04
                4.363E-02  2.225E-04  2.210E-07  8.132E+00
1.85619935E+00  1.430E-27  2.835E-58  1.286E-11  1.793E-28  1.199E-09  1.157E-07
                3.491E-25  4.832E-56  3.205E-14  2.218E-26  1.212E-09  5.879E-26
                1.815E-11  1.720E-27  2.653E-09  5.407E-10  3.710E-01  1.118E+00
                1.917E+00  5.408E-22  1.242E-04  4.940E-05  9.733E-04  3.539E-03
                8.414E-03  6.466E-19  1.945E-03  4.182E-03  8.445E-03  2.861E-05
                2.154E-07  9.390E-05  3.236E-03  1.229E-51  1.043E-08  3.371E-04
                1.758E-05  3.632E-06  5.388E-04  4.441E-50  1.141E-02  7.457E-07
                2.187E-04  5.102E-09  4.582E-10  7.287E-03  1.326E-04  2.537E-06
                8.968E-04  3.648E-06  3.614E-04  1.133E-03  5.882E-07  7.435E-03
                3.165E-02  4.161E-04  1.616E-04  3.493E-07  1.768E-22  8.159E-07
                1.163E-03  2.893E-04  7.546E-04  9.436E-04  5.194E-21  5.870E-04
                8.375E-03  7.517E-02  5.729E-05  9.009E-08  1.202E+00  8.809E-19
                4.671E-49  1.608E-06  3.887E-20  2.358E-05  3.395E-20  4.870E-05
                1.157E-21  7.118E-03  7.046E-03  1.183E-06  7.936E-10  5.702E-07
                2.047E-07  1.235E-03  1.709E-06  3.293E-04  5.508E-08  6.204E-02
                2.037E-03  2.308E+00  6.901E+00  1.162E+01  4.006E-21  8.833E-02
                1.494E-01  2.157E-01  1.022E-03  9.012E-04  1.378E-03  9.275E-02
                3.152E-49  2.905E+00  9.683E-05  4.758E-03  6.624E-07  1.797E-07
                2.101E-01  8.762E-04  2.157E+00  6.473E+00  9.577E-03  3.209E-02
                7.979E-05  9.236E-21  1.494E-01  2.102E+00  1.201E+01  1.438E-02
                2.739E-05  4.496E-22  9.632E-04  1.214E-22  1.408E-01  6.705E+00
                5.561E-02  7.383E-03  3.804E-04  2.811E-04  6.543E-02  3.030E-04
                4.249E-02  4.476E-04  1.243E-06  8.018E+00
2.12678773E+00  7.050E-26  1.338E-56  2.017E-10  6.328E-27  1.850E-09  1.810E-06
                4.721E-24  6.482E-55  9.389E-13  4.376E-25  1.152E-09  9.180E-25
                8.904E-11  4.810E-26  1.302E-08  1.531E-08  3.726E-01  1.119E+00
                1.905E+00  9.534E-22  1.248E-04  1.894E-04  4.741E-03  1.620E-02
                3.454E-02  4.641E-19  7.017E-03  1.388E-02  2.504E-02  9.495E-05
                1.367E-06  1.223E-04  4.299E-03  5.925E-51  1.359E-08  1.339E-03
                6.559E-05  1.217E-05  1.600E-03  4.837E-50  4.738E-02  3.092E-06
                5.036E-04  2.115E-08  1.566E-09  9.691E-03  1.301E-04  3.358E-06
                3.683E-03  1.218E-05  1.200E-03  3.450E-03  5.324E-07  3.213E-02
                1.222E-01  9.751E-04  6.062E-04  1.129E-06  3.799E-22  1.095E-06
                5.120E-03  1.051E-03  2.620E-03  3.004E-03  6.496E-21  2.337E-03
                3.428E-02  2.677E-01  2.345E-04  3.204E-07  1.184E+00  5.752E-19
                6.019E-49  5.120E-06  4.693E-20  8.886E-05  2.728E-20  1.448E-04
                1.962E-21  2.117E-02  2.900E-02  1.865E-06  1.728E-09  1.719E-06
                5.495E-07  5.169E-03  5.228E-06  1.213E-03  1.311E-07  2.239E-01
                6.418E-03  2.262E+00  6.752E+00  1.131E+01  4.024E-21  1.276E-01
                2.148E-01  3.081E-01  1.470E-03  8.813E-04  1.182E-03  1.341E-01
                4.191E-49  2.857E+00  1.528E-04  1.071E-02  1.045E-06  1.541E-07
                3.025E-01  8.588E-04  2.123E+00  6.352E+00  2.146E-02  3.123E-02
                1.157E-04  1.219E-20  1.580E-01  2.079E+00  1.173E+01  1.422E-02
                3.937E-05  3.821E-21  1.403E-03  3.379E-22  2.051E-01  6.568E+00
                8.188E-02  1.214E-02  5.602E-04  2.758E-04  9.746E-02  4.844E-04
                4.223E-02  6.668E-04  2.781E-06  7.980E+00
2.39737611E+00  8.205E-25  1.517E-55  1.239E-09  6.051E-26  5.390E-09  1.109E-05
                2.562E-23  3.988E-54  1.519E-11  3.058E-24  1.247E-09  5.452E-24
                6.764E-10  4.130E-25  9.887E-08  1.936E-07  3.710E-01  1.112E+00
                1.885E+00  1.331E-21  1.244E-04  3.859E-04  1.108E-02  3.665E-02
                7.371E-02  3.565E-19  1.361E-02  2.579E-02  4.386E-02  1.764E-04
                3.544E-06  1.423E-04  5.338E-03  1.362E-50  1.581E-08  2.781E-03
                1.315E-04  2.246E-05  2.802E-03  5.228E-50  1.007E-01  6.500E-06
                8.191E-04  4.447E-08  2.911E-09  1.205E-02  1.280E-04  4.158E-06
                7.800E-03  2.247E-05  2.239E-03  6.131E-03  6.915E-07  6.982E-02
                2.508E-01  1.603E-03  1.236E-03  2.053E-06  5.192E-22  1.371E-06
                1.128E-02  2.046E-03  4.991E-03  5.473E-03  7.843E-21  5.026E-03
                7.281E-02  5.277E-01  4.981E-04  6.145E-07  1.170E+00  4.075E-19
                7.807E-49  9.938E-06  5.607E-20  1.781E-04  2.121E-20  2.522E-04
                2.764E-21  3.686E-02  6.131E-02  2.701E-06  2.782E-09  3.061E-06
                9.405E-07  1.097E-02  1.015E-05  2.402E-03  2.188E-07  4.412E-01
                1.152E-02  2.225E+00  6.633E+00  1.107E+01  4.262E-21  1.630E-01
                2.735E-01  3.904E-01  1.871E-03  8.654E-04  1.132E-03  1.701E-01
                5.002E-49  2.823E+00  2.090E-04  1.753E-02  1.430E-06  1.477E-07
                3.831E-01  8.455E-04  2.098E+00  6.270E+00  3.505E-02  3.073E-02
                1.471E-04  1.425E-20  1.684E-01  2.065E+00  1.153E+01  1.413E-02
                4.981E-05  9.829E-21  1.798E-03  6.914E-22  2.628E-01  6.462E+00
                1.061E-01  1.753E-02  7.259E-04  2.718E-04  1.277E-01  6.848E-04
                4.205E-02  8.734E-04  4.538E-06  7.940E+00
2.66796449E+00  4.341E-24  8.234E-55  4.608E-09  2.908E-25  1.647E-08  4.115E-05
                8.505E-23  1.553E-53  1.012E-10  1.198E-23  2.027E-09  1.935E-23
                3.191E-09  1.844E-24  4.664E-07  1.148E-06  3.690E-01  1.105E+00
                1.867E+00  1.584E-21  1.240E-04  5.913E-04  1.869E-02  6.057E-02
                1.175E-01  2.845E-19  2.031E-02  3.750E-02  6.146E-02  2.566E-04
                6.245E-06  1.549E-04  6.378E-03  2.287E-50  1.720E-08  4.337E-03
                1.996E-04  3.194E-05  3.926E-03  5.685E-50  1.596E-01  1.019E-05
                1.160E-03  6.969E-08  4.153E-09  1.441E-02  1.264E-04  4.964E-06
                1.232E-02  3.194E-05  3.262E-03  8.671E-03  9.745E-07  1.122E-01
                3.893E-01  2.287E-03  1.915E-03  2.927E-06  6.218E-22  1.648E-06
                1.825E-02  3.068E-03  7.379E-03  7.844E-03  9.000E-21  8.149E-03
                1.156E-01  7.993E-01  7.906E-04  9.100E-07  1.160E+00  3.041E-19
                9.724E-49  1.505E-05  6.573E-20  2.702E-04  1.649E-20  3.512E-04
                3.626E-21  5.133E-02  9.667E-02  3.529E-06  3.717E-09  4.338E-06
                1.310E-06  1.727E-02  1.548E-05  3.633E-03  3.149E-07  6.662E-01
                1.630E-02  2.185E+00  6.512E+00  1.083E+01  4.376E-21  1.934E-01
                3.234E-01  4.601E-01  2.213E-03  8.491E-04  1.112E-03  2.003E-01
                5.618E-49  2.789E+00  2.552E-04  2.445E-02  1.746E-06  1.452E-07
                4.505E-01  8.314E-04  2.073E+00  6.190E+00  4.878E-02  3.029E-02
                1.734E-04  1.546E-20  1.789E-01  2.051E+00  1.134E+01  1.403E-02
                5.853E-05  1.648E-20  2.135E-03  1.112E-21  3.120E-01  6.351E+00
                1.281E-01  2.328E-02  8.761E-04  2.678E-04  1.553E-01  8.920E-04
                4.179E-02  1.063E-03  6.312E-06  7.881E+00
2.93855286E+00  1.456E-23  2.830E-54  1.256E-08  9.333E-25  4.062E-08  1.119E-04
                2.079E-22  4.554E-53  3.968E-10  3.303E-23  5.994E-09  4.985E-23
                9.924E-09  5.555E-24  1.451E-06  4.239E-06  3.672E-01  1.098E+00
                1.853E+00  1.712E-21  1.237E-04  7.775E-04  2.651E-02  8.466E-02
                1.601E-01  2.325E-19  2.655E-02  4.814E-02  7.687E-02  3.293E-04
                9.044E-06  1.616E-04  7.421E-03  3.244E-50  1.794E-08  5.805E-03
                2.609E-04  3.956E-05  4.905E-03  6.131E-50  2.167E-01  1.368E-05
                1.524E-03  9.360E-08  5.152E-09  1.677E-02  1.253E-04  5.774E-06
                1.663E-02  3.956E-05  4.182E-03  1.091E-02  1.296E-06  1.537E-01
                5.210E-01  3.019E-03  2.563E-03  3.688E-06  7.234E-22  1.925E-06
                2.507E-02  4.022E-03  9.576E-03  9.926E-03  9.852E-21  1.134E-02
                1.571E-01  1.052E+00  1.075E-03  1.181E-06  1.153E+00  2.354E-19
                1.166E-48  1.984E-05  7.540E-20  3.551E-04  1.292E-20  4.369E-04
                4.550E-21  6.386E-02  1.304E-01  4.268E-06  4.449E-09  5.463E-06
                1.636E-06  2.319E-02  2.058E-05  4.767E-03  4.172E-07  8.736E-01
                2.044E-02  2.141E+00  6.376E+00  1.058E+01  4.343E-21  2.182E-01
                3.639E-01  5.166E-01  2.490E-03  8.311E-04  1.093E-03  2.243E-01
                6.027E-49  2.750E+00  2.894E-04  3.100E-02  1.980E-06  1.429E-07
                5.042E-01  8.152E-04  2.044E+00  6.099E+00  6.173E-02  2.984E-02
                1.945E-04  1.600E-20  1.884E-01  2.032E+00  1.113E+01  1.390E-02
                6.546E-05  2.237E-20  2.408E-03  1.525E-21  3.520E-01  6.224E+00
                1.473E-01  2.901E-02  1.008E-03  2.634E-04  1.800E-01  1.095E-03
                4.140E-02  1.231E-03  7.983E-06  7.798E+00
3.20914124E+00  3.658E-23  7.398E-54  2.774E-08  2.307E-24  8.279E-08  2.469E-04
                4.134E-22  1.122E-52  1.126E-09  7.213E-23  1.442E-08  1.035E-22
                2.342E-08  1.291E-23  3.423E-06  1.160E-05  3.657E-01  1.093E+00
                1.841E+00  1.746E-21  1.234E-04  9.356E-04  3.387E-02  1.070E-01
                1.986E-01  1.933E-19  3.215E-02  5.751E-02  9.007E-02  3.935E-04
                1.169E-05  1.643E-04  8.465E-03  4.178E-50  1.823E-08  7.088E-03
                3.125E-04  4.526E-05  5.734E-03  6.527E-50  2.683E-01  1.677E-05
                1.907E-03  1.147E-07  5.900E-09  1.914E-02  1.244E-04  6.587E-06
                2.045E-02  4.525E-05  4.977E-03  1.281E-02  1.607E-06  1.916E-01
                6.386E-01  3.792E-03  3.144E-03  4.330E-06  8.424E-22  2.202E-06
                3.121E-02  4.877E-03  1.152E-02  1.168E-02  1.038E-20  1.439E-02
                1.948E-01  1.274E+00  1.333E-03  1.419E-06  1.148E+00  1.872E-19
                1.347E-48  2.406E-05  8.470E-20  4.326E-04  1.021E-20  5.098E-04
                5.508E-21  7.452E-02  1.603E-01  4.888E-06  4.981E-09  6.421E-06
                1.914E-06  2.835E-02  2.517E-05  5.753E-03  5.236E-07  1.054E+00
                2.390E-02  2.092E+00  6.225E+00  1.030E+01  4.205E-21  2.377E-01
                3.956E-01  5.608E-01  2.706E-03  8.111E-04  1.067E-03  2.428E-01
                6.221E-49  2.704E+00  3.117E-04  3.689E-02  2.133E-06  1.396E-07
                5.454E-01  7.968E-04  2.010E+00  5.996E+00  7.341E-02  2.933E-02
                2.107E-04  1.610E-20  1.965E-01  2.007E+00  1.091E+01  1.373E-02
                7.078E-05  2.695E-20  2.623E-03  1.882E-21  3.833E-01  6.081E+00
                1.638E-01  3.450E-02  1.121E-03  2.586E-04  2.015E-01  1.286E-03
                4.088E-02  1.379E-03  9.486E-06  7.690E+00
3.47972962E+00  7.552E-23  1.600E-53  5.277E-08  4.757E-24  1.474E-07  4.691E-04
                7.096E-22  2.406E-52  2.580E-09  1.337E-22  2.902E-08  1.842E-22
                4.600E-08  2.503E-23  6.724E-06  2.592E-05  3.645E-01  1.089E+00
                1.832E+00  1.717E-21  1.231E-04  1.070E-03  4.049E-02  1.269E-01
                2.320E-01  1.626E-19  3.713E-02  6.571E-02  1.014E-01  4.496E-04
                1.406E-05  1.641E-04  9.505E-03  5.089E-50  1.821E-08  8.158E-03
                3.547E-04  4.930E-05  6.425E-03  6.921E-50  3.133E-01  1.938E-05
                2.304E-03  1.326E-07  6.431E-09  2.149E-02  1.238E-04  7.399E-06
                2.367E-02  4.929E-05  5.653E-03  1.441E-02  1.881E-06  2.250E-01
                7.402E-01  4.591E-03  3.647E-03  4.862E-06  9.829E-22  2.477E-06
                3.648E-02  5.627E-03  1.321E-02  1.314E-02  1.063E-20  1.722E-02
                2.278E-01  1.463E+00  1.559E-03  1.624E-06  1.144E+00  1.521E-19
                1.525E-48  2.761E-05  9.340E-20  5.078E-04  8.135E-21  5.718E-04
                6.461E-21  8.359E-02  1.857E-01  5.387E-06  5.345E-09  7.223E-06
                2.146E-06  3.261E-02  2.917E-05  6.585E-03  6.322E-07  1.207E+00
                2.676E-02  2.038E+00  6.061E+00  1.002E+01  4.007E-21  2.525E-01
                4.195E-01  5.943E-01  2.870E-03  7.895E-04  1.032E-03  2.565E-01
                6.340E-49  2.653E+00  3.237E-04  4.205E-02  2.215E-06  1.351E-07
                5.758E-01  7.765E-04  1.972E+00  5.881E+00  8.362E-02  2.877E-02
                2.226E-04  1.590E-20  2.030E-01  1.976E+00  1.067E+01  1.352E-02
                7.470E-05  3.012E-20  2.784E-03  2.165E-21  4.070E-01  5.924E+00
                1.778E-01  3.959E-02  1.216E-03  2.532E-04  2.200E-01  1.462E-03
                4.025E-02  1.505E-03  1.080E-05  7.562E+00
3.75031800E+00  1.354E-22  2.989E-53  8.987E-08  8.588E-24  2.377E-07  7.982E-04
                1.093E-21  4.745E-52  5.083E-09  2.199E-22  5.149E-08  2.929E-22
                7.945E-08  4.257E-23  1.161E-05  5.016E-05  3.636E-01  1.086E+00
                1.824E+00  1.648E-21  1.229E-04  1.193E-03  4.625E-02  1.439E-01
                2.600E-01  1.382E-19  4.154E-02  7.289E-02  1.110E-01  4.987E-04
                1.611E-05  1.622E-04  1.054E-02  5.927E-50  1.799E-08  9.015E-03
                3.899E-04  5.201E-05  6.996E-03  7.273E-50  3.518E-01  2.153E-05
                2.709E-03  1.473E-07  6.790E-09  2.383E-02  1.233E-04  8.205E-06
                2.628E-02  5.199E-05  6.224E-03  1.573E-02  2.111E-06  2.536E-01
                8.260E-01  5.404E-03  4.074E-03  5.300E-06  1.142E-21  2.750E-06
                4.085E-02  6.277E-03  1.465E-02  1.435E-02  1.064E-20  1.979E-02
                2.562E-01  1.621E+00  1.753E-03  1.799E-06  1.141E+00  1.258E-19
                1.689E-48  3.053E-05  1.013E-19  5.888E-04  6.534E-21  6.248E-04
                7.379E-21  9.133E-02  2.066E-01  5.773E-06  5.576E-09  7.886E-06
                2.337E-06  3.599E-02  3.258E-05  7.274E-03  7.411E-07  1.333E+00
                2.910E-02  1.981E+00  5.888E+00  9.716E+00  3.782E-21  2.632E-01
                4.370E-01  6.188E-01  2.989E-03  7.668E-04  9.889E-04  2.662E-01
                6.351E-49  2.597E+00  3.275E-04  4.646E-02  2.240E-06  1.295E-07
                5.974E-01  7.550E-04  1.930E+00  5.755E+00  9.239E-02  2.817E-02
                2.310E-04  1.552E-20  2.079E-01  1.941E+00  1.041E+01  1.328E-02
                7.747E-05  3.207E-20  2.902E-03  2.371E-21  4.242E-01  5.758E+00
                1.894E-01  4.421E-02  1.295E-03  2.475E-04  2.358E-01  1.621E-03
                3.952E-02  1.613E-03  1.193E-05  7.416E+00
4.02090638E+00  2.186E-22  5.123E-53  1.407E-07  1.402E-23  3.553E-07  1.249E-03
                1.552E-21  8.474E-52  8.957E-09  3.308E-22  8.309E-08  4.276E-22
                1.248E-07  6.567E-23  1.825E-05  8.717E-05  3.628E-01  1.084E+00
                1.818E+00  1.556E-21  1.228E-04  1.320E-03  5.115E-02  1.583E-01
                2.831E-01  1.185E-19  4.546E-02  7.919E-02  1.194E-01  5.418E-04
                1.784E-05  1.591E-04  1.156E-02  6.696E-50  1.764E-08  9.679E-03
                4.215E-04  5.370E-05  7.462E-03  7.588E-50  3.842E-01  2.324E-05
                3.115E-03  1.590E-07  7.017E-09  2.615E-02  1.229E-04  9.004E-06
                2.832E-02  5.368E-05  6.711E-03  1.681E-02  2.295E-06  2.779E-01
                8.978E-01  6.219E-03  4.432E-03  5.655E-06  1.315E-21  3.020E-06
                4.435E-02  6.833E-03  1.587E-02  1.536E-02  1.048E-20  2.211E-02
                2.802E-01  1.750E+00  1.917E-03  1.945E-06  1.139E+00  1.056E-19
                1.839E-48  3.287E-05  1.085E-19  6.846E-04  5.284E-21  6.704E-04
                8.238E-21  9.799E-02  2.235E-01  6.060E-06  5.708E-09  8.428E-06
                2.493E-06  3.858E-02  3.544E-05  7.838E-03  8.488E-07  1.436E+00
                3.102E-02  1.922E+00  5.709E+00  9.408E+00  3.550E-21  2.707E-01
                4.490E-01  6.358E-01  3.072E-03  7.433E-04  9.414E-04  2.727E-01
                6.289E-49  2.537E+00  3.244E-04  5.019E-02  2.219E-06  1.234E-07
                6.118E-01  7.326E-04  1.886E+00  5.622E+00  9.981E-02  2.753E-02
                2.366E-04  1.503E-20  2.115E-01  1.902E+00  1.015E+01  1.301E-02
                7.931E-05  3.302E-20  2.983E-03  2.509E-21  4.360E-01  5.586E+00
                1.988E-01  4.835E-02  1.360E-03  2.415E-04  2.490E-01  1.761E-03
                3.871E-02  1.703E-03  1.288E-05  7.257E+00
4.29149476E+00  3.257E-22  8.186E-53  2.063E-07  2.116E-23  5.001E-07  1.829E-03
                2.069E-21  1.432E-51  1.449E-08  4.651E-22  1.245E-07  5.845E-22
                1.826E-07  9.407E-23  2.670E-05  1.395E-04  3.621E-01  1.081E+00
                1.812E+00  1.453E-21  1.226E-04  1.468E-03  5.525E-02  1.701E-01
                3.016E-01  1.023E-19  4.894E-02  8.474E-02  1.266E-01  5.797E-04
                1.927E-05  1.552E-04  1.258E-02  7.470E-50  1.721E-08  1.017E-02
                4.531E-04  5.462E-05  7.838E-03  8.002E-50  4.113E-01  2.457E-05
                3.517E-03  1.681E-07  7.144E-09  2.844E-02  1.226E-04  9.791E-06
                2.987E-02  5.460E-05  7.134E-03  1.769E-02  2.436E-06  2.984E-01
                9.572E-01  7.027E-03  4.729E-03  5.940E-06  1.496E-21  3.285E-06
                4.707E-02  7.305E-03  1.690E-02  1.622E-02  1.021E-20  2.419E-02
                3.004E-01  1.856E+00  2.055E-03  2.066E-06  1.137E+00  8.969E-20
                1.999E-48  3.471E-05  1.148E-19  8.035E-04  4.302E-21  7.097E-04
                9.022E-21  1.037E-01  2.367E-01  6.260E-06  5.767E-09  8.864E-06
                2.619E-06  4.048E-02  3.783E-05  8.295E-03  9.542E-07  1.520E+00
                3.260E-02  1.861E+00  5.526E+00  9.097E+00  3.321E-21  2.756E-01
                4.567E-01  6.468E-01  3.125E-03  7.194E-04  8.914E-04  2.765E-01
                6.227E-49  2.475E+00  3.170E-04  5.330E-02  2.168E-06  1.169E-07
                6.205E-01  7.096E-04  1.839E+00  5.482E+00  1.060E-01  2.685E-02
                2.400E-04  1.448E-20  2.139E-01  1.860E+00  9.871E+00  1.273E-02
                8.042E-05  3.320E-20  3.034E-03  2.590E-21  4.435E-01  5.410E+00
                2.065E-01  5.201E-02  1.413E-03  2.353E-04  2.599E-01  1.885E-03
                3.784E-02  1.778E-03  1.367E-05  7.087E+00
1.00000000E+06  0.000E+00  0.000E+00  1.357E-04  0.000E+00  0.000E+00  1.190E+00
                0.000E+00  0.000E+00  2.603E-05  0.000E+00  0.000E+00  0.000E+00
                0.000E+00  0.000E+00  0.000E+00  2.296E-01  4.044E+00  1.213E+01
                2.023E+01  0.000E+00  1.388E-03  0.000E+00  9.853E-01  2.953E+00
                4.912E+00  0.000E+00  0.000E+00  0.000E+00  0.000E+00  0.000E+00
                3.400E-04  0.000E+00  0.000E+00  0.000E+00  0.000E+00  1.680E-01
                0.000E+00  0.000E+00  0.000E+00  0.000E+00  6.442E+00  0.000E+00
                0.000E+00  0.000E+00  0.000E+00  0.000E+00  1.367E-03  0.000E+00
                5.069E-01  0.000E+00  0.000E+00  0.000E+00  3.512E-05  4.836E+00
                1.444E+01  0.000E+00  7.170E-02  0.000E+00  0.000E+00  0.000E+00
                8.547E-01  0.000E+00  0.000E+00  0.000E+00  0.000E+00  3.231E-01
                4.813E+00  2.714E+01  3.293E-02  0.000E+00  1.280E+01  0.000E+00
                0.000E+00  5.699E-04  0.000E+00  0.000E+00  0.000E+00  0.000E+00
                0.000E+00  0.000E+00  3.925E+00  1.100E-04  0.000E+00  0.000E+00
                0.000E+00  7.140E-01  6.171E-04  1.200E-01  0.000E+00  2.218E+01
                0.000E+00  2.537E+01  7.611E+01  1.268E+02  0.000E+00  0.000E+00
                0.000E+00  0.000E+00  0.000E+00  9.893E-03  0.000E+00  0.000E+00
                0.000E+00  3.253E+01  0.000E+00  0.000E+00  0.000E+00  0.000E+00
                0.000E+00  9.757E-03  2.439E+01  7.282E+01  0.000E+00  3.512E-01
                0.000E+00  0.000E+00  1.625E+00  2.421E+01  1.365E+02  1.656E-01
                0.000E+00  0.000E+00  0.000E+00  0.000E+00  0.000E+00  7.425E+01
                0.000E+00  0.000E+00  0.000E+00  3.101E-03  0.000E+00  0.000E+00
                4.978E-01  0.000E+00  0.000E+00  9.410E+01
