           8           2
          17          12         136
   0           1   0           3   0          -1   0          -3   0          -5   0           1   0          -3   0           3   0          -1   0          -3   0          -5   0           1   0           3   0           5   0           7   0           5   0          -3
    0.000000E+00    1.145905E+00    1.161331E+00    1.161421E+00    1.161606E+00
    1.163117E+00    1.173541E+00    1.352519E+00    1.356653E+00    1.356678E+00
    1.356729E+00    1.356986E+00    1.358976E+00    1.358985E+00    1.359001E+00
    1.359135E+00    1.359996E+00
1.34884614E+00  7.094E-29  6.658E-61  3.488E-15  4.498E-31  5.342E-10  3.148E-11
                0.000E+00  0.000E+00  0.000E+00  0.000E+00  0.000E+00  0.000E+00
                0.000E+00  0.000E+00  0.000E+00  0.000E+00  3.077E-01  9.638E-01
                1.733E+00  1.327E-18  8.762E-05  0.000E+00  0.000E+00  0.000E+00
                0.000E+00  0.000E+00  0.000E+00  0.000E+00  0.000E+00  0.000E+00
                0.000E+00  3.086E-05  1.225E-03  2.236E-50  3.419E-09  0.000E+00
                0.000E+00  0.000E+00  0.000E+00  0.000E+00  0.000E+00  0.000E+00
                0.000E+00  0.000E+00  0.000E+00  2.796E-03  4.194E-04  9.327E-07
                0.000E+00  0.000E+00  0.000E+00  0.000E+00  0.000E+00  0.000E+00
                0.000E+00  0.000E+00  0.000E+00  0.000E+00  3.702E-21  3.035E-07
                0.000E+00  0.000E+00  0.000E+00  0.000E+00  0.000E+00  0.000E+00
                0.000E+00  0.000E+00  0.000E+00  0.000E+00  1.476E+00  0.000E+00
                0.000E+00  0.000E+00  0.000E+00  0.000E+00  0.000E+00  0.000E+00
                0.000E+00  0.000E+00  0.000E+00  0.000E+00  0.000E+00  0.000E+00
                0.000E+00  0.000E+00  0.000E+00  0.000E+00  0.000E+00  0.000E+00
                0.000E+00  0.000E+00  0.000E+00  0.000E+00  0.000E+00  0.000E+00
                0.000E+00  0.000E+00  0.000E+00  0.000E+00  0.000E+00  0.000E+00
                0.000E+00  0.000E+00  0.000E+00  0.000E+00  0.000E+00  0.000E+00
                0.000E+00  0.000E+00  0.000E+00  0.000E+00  0.000E+00  0.000E+00
                0.000E+00  0.000E+00  0.000E+00  0.000E+00  0.000E+00  0.000E+00
                0.000E+00  0.000E+00  0.000E+00  0.000E+00  0.000E+00  0.000E+00
                0.000E+00  0.000E+00  0.000E+00  0.000E+00  0.000E+00  0.000E+00
                0.000E+00  0.000E+00  0.000E+00  0.000E+00
1.61943452E+00  2.432E-29  3.965E-60  2.569E-13  8.486E-31  1.139E-09  2.325E-09
                6.933E-27  9.869E-57  1.299E-14  6.894E-28  8.145E-10  7.187E-28
                1.824E-11  2.484E-29  2.666E-09  9.137E-11  6.585E-01  2.013E+00
                3.451E+00  3.273E-22  1.600E-04  3.611E-06  4.029E-05  1.651E-04
                4.860E-04  9.885E-19  1.252E-04  3.253E-04  8.385E-04  2.225E-06
                8.060E-08  6.759E-05  2.784E-03  6.132E-53  7.496E-09  2.006E-05
                1.291E-06  3.322E-07  5.183E-05  4.099E-50  6.022E-04  3.926E-08
                3.907E-05  2.686E-10  4.174E-11  6.296E-03  5.776E-04  2.237E-06
                5.017E-05  3.390E-07  2.813E-05  1.038E-04  7.740E-07  3.651E-04
                2.000E-03  7.245E-05  1.265E-05  3.954E-08  2.270E-23  7.133E-07
                5.950E-05  1.771E-05  5.176E-05  8.115E-05  4.415E-21  4.403E-05
                4.941E-04  5.792E-03  3.380E-06  5.770E-09  2.679E+00  1.483E-18
                4.328E-49  3.013E-07  3.200E-20  1.751E-06  3.475E-20  4.563E-06
                4.560E-22  6.670E-04  3.854E-04  8.811E-07  4.044E-10  6.485E-08
                3.623E-08  6.426E-05  4.208E-07  2.116E-05  9.800E-09  4.458E-03
                1.673E-04  6.386E+00  1.933E+01  3.258E+01  5.647E-21  6.815E-02
                1.160E-01  1.690E-01  7.936E-04  1.867E-03  2.253E-03  6.580E-02
                2.233E-49  1.035E+01  5.149E-05  1.190E-03  3.523E-07  2.942E-07
                1.523E-01  5.373E-03  7.784E+00  2.344E+01  2.438E-03  1.121E-01
                5.750E-05  6.312E-21  5.222E-01  7.816E+00  4.455E+01  5.223E-02
                2.018E-05  4.032E-23  7.022E-04  4.205E-23  1.027E-01  2.148E+01
                3.915E-02  4.770E-03  2.681E-04  1.287E-03  4.553E-02  2.157E-04
                2.042E-01  3.117E-04  3.167E-07  4.024E+01
1.89002290E+00  2.588E-27  5.209E-58  1.962E-11  3.113E-28  1.163E-09  1.764E-07
                5.204E-25  7.190E-56  4.402E-14  3.466E-26  1.248E-09  8.961E-26
                2.112E-11  2.842E-27  3.088E-09  8.127E-10  8.641E-01  2.624E+00
                4.447E+00  5.954E-22  2.127E-04  6.205E-05  1.275E-03  4.588E-03
                1.071E-02  6.408E-19  2.432E-03  5.153E-03  1.020E-02  3.525E-05
                2.937E-07  9.883E-05  4.199E-03  1.607E-51  1.098E-08  4.276E-04
                2.198E-05  4.468E-06  6.522E-04  4.761E-50  1.458E-02  9.518E-07
                2.515E-04  6.512E-09  5.656E-10  9.463E-03  6.490E-04  3.361E-06
                1.144E-03  4.485E-06  4.454E-04  1.377E-03  5.687E-07  9.564E-03
                3.992E-02  4.798E-04  2.024E-04  4.301E-07  2.046E-22  1.078E-06
                1.502E-03  3.627E-04  9.383E-04  1.155E-03  5.406E-21  7.403E-04
                1.067E-02  9.347E-02  7.297E-05  1.125E-07  3.336E+00  8.657E-19
                5.086E-49  1.940E-06  4.035E-20  2.956E-05  3.434E-20  5.900E-05
                1.262E-21  8.624E-03  8.987E-03  1.254E-06  8.979E-10  6.929E-07
                2.442E-07  1.583E-03  2.040E-06  4.130E-04  6.360E-08  7.745E-02
                2.494E-03  8.360E+00  2.519E+01  4.218E+01  4.079E-21  1.193E-01
                2.013E-01  2.900E-01  1.378E-03  2.596E-03  1.379E-03  1.222E-01
                3.533E-49  1.288E+01  1.040E-04  5.425E-03  7.113E-07  1.799E-07
                2.771E-01  6.128E-03  9.688E+00  2.906E+01  1.092E-02  1.384E-01
                1.063E-04  9.726E-21  6.581E-01  9.714E+00  5.499E+01  6.522E-02
                3.644E-05  6.762E-22  1.284E-03  1.404E-22  1.878E-01  2.723E+01
                7.364E-02  9.626E-03  5.040E-04  1.528E-03  8.648E-02  3.988E-04
                2.438E-01  5.919E-04  1.417E-06  4.780E+01
2.16061128E+00  1.019E-25  1.910E-56  2.629E-10  8.857E-27  2.179E-09  2.359E-06
                6.056E-24  8.253E-55  1.417E-12  5.837E-25  1.223E-09  1.193E-24
                1.182E-10  6.619E-26  1.728E-08  2.219E-08  1.007E+00  3.049E+00
                5.141E+00  1.016E-21  2.552E-04  2.127E-04  5.473E-03  1.863E-02
                3.934E-02  4.661E-19  7.873E-03  1.546E-02  2.764E-02  1.058E-04
                1.614E-06  1.270E-04  5.603E-03  6.872E-51  1.411E-08  1.527E-03
                7.335E-05  1.348E-05  1.773E-03  5.270E-50  5.408E-02  3.481E-06
                5.453E-04  2.381E-08  1.738E-09  1.260E-02  6.961E-04  4.490E-06
                4.219E-03  1.350E-05  1.342E-03  3.833E-03  5.454E-07  3.684E-02
                1.388E-01  1.057E-03  6.874E-04  1.260E-06  4.019E-22  1.444E-06
                5.923E-03  1.185E-03  2.944E-03  3.345E-03  6.738E-21  2.668E-03
                3.926E-02  3.022E-01  2.685E-04  3.601E-07  3.787E+00  5.747E-19
                6.605E-49  5.750E-06  4.862E-20  9.939E-05  2.750E-20  1.604E-04
                2.060E-21  2.344E-02  3.309E-02  1.990E-06  1.874E-09  1.920E-06
                6.115E-07  5.929E-03  5.893E-06  1.375E-03  1.425E-07  2.536E-01
                7.161E-03  9.518E+00  2.864E+01  4.785E+01  4.142E-21  1.689E-01
                2.838E-01  4.065E-01  1.942E-03  3.044E-03  1.203E-03  1.746E-01
                4.588E-49  1.436E+01  1.606E-04  1.160E-02  1.099E-06  1.568E-07
                3.937E-01  6.570E-03  1.081E+01  3.237E+01  2.325E-02  1.541E-01
                1.518E-04  1.262E-20  7.438E-01  1.083E+01  6.114E+01  7.288E-02
                5.158E-05  4.471E-21  1.839E-03  3.756E-22  2.689E-01  3.060E+01
                1.065E-01  1.539E-02  7.291E-04  1.669E-03  1.266E-01  6.199E-04
                2.670E-01  8.660E-04  3.013E-06  5.220E+01
2.43119965E+00  1.045E-24  1.923E-55  1.494E-09  7.588E-26  6.367E-09  1.337E-05
                3.045E-23  4.838E-54  2.000E-11  3.722E-24  1.309E-09  6.540E-24
                8.454E-10  5.128E-25  1.236E-07  2.501E-07  1.117E+00  3.375E+00
                5.675E+00  1.383E-21  2.901E-04  4.161E-04  1.234E-02  4.081E-02
                8.155E-02  3.607E-19  1.484E-02  2.801E-02  4.738E-02  1.916E-04
                3.995E-06  1.469E-04  6.932E-03  1.488E-50  1.631E-08  3.102E-03
                1.407E-04  2.385E-05  3.049E-03  5.684E-50  1.120E-01  6.968E-06
                8.755E-04  4.767E-08  3.093E-09  1.565E-02  7.317E-04  5.534E-06
                8.739E-03  2.386E-05  2.440E-03  6.679E-03  7.415E-07  7.796E-02
                2.782E-01  1.715E-03  1.370E-03  2.241E-06  5.362E-22  1.801E-06
                1.277E-02  2.248E-03  5.470E-03  5.949E-03  8.074E-21  5.601E-03
                8.157E-02  5.840E-01  5.579E-04  6.728E-07  4.132E+00  4.114E-19
                8.618E-49  1.098E-05  5.789E-20  1.904E-04  2.145E-20  2.743E-04
                2.873E-21  4.010E-02  6.816E-02  2.923E-06  2.932E-09  3.358E-06
                1.031E-06  1.231E-02  1.134E-05  2.675E-03  2.350E-07  4.911E-01
                1.259E-02  1.033E+01  3.107E+01  5.183E+01  4.366E-21  2.143E-01
                3.590E-01  5.120E-01  2.456E-03  3.361E-03  1.160E-03  2.219E-01
                5.467E-49  1.541E+01  2.167E-04  1.918E-02  1.482E-06  1.514E-07
                4.998E-01  6.882E-03  1.159E+01  3.471E+01  3.833E-02  1.653E-01
                1.931E-04  1.461E-20  8.086E-01  1.163E+01  6.549E+01  7.831E-02
                6.534E-05  1.069E-20  2.347E-03  7.427E-22  3.431E-01  3.297E+01
                1.379E-01  2.172E-02  9.436E-04  1.768E-03  1.645E-01  8.592E-04
                2.834E-01  1.125E-03  4.962E-06  5.530E+01
2.70178803E+00  5.155E-24  9.693E-55  5.300E-09  3.427E-25  1.876E-08  4.732E-05
                9.647E-23  1.808E-53  1.228E-10  1.382E-23  2.339E-09  2.210E-23
                3.750E-09  2.155E-24  5.482E-07  1.381E-06  1.206E+00  3.639E+00
                6.109E+00  1.623E-21  3.196E-04  6.276E-04  2.082E-02  6.760E-02
                1.304E-01  2.892E-19  2.216E-02  4.081E-02  6.664E-02  2.792E-04
                7.017E-06  1.590E-04  8.249E-03  2.445E-50  1.765E-08  4.888E-03
                2.089E-04  3.326E-05  4.304E-03  6.092E-50  1.787E-01  1.067E-05
                1.239E-03  7.297E-08  4.326E-09  1.862E-02  7.606E-04  6.549E-06
                1.395E-02  3.327E-05  3.562E-03  9.507E-03  1.072E-06  1.262E-01
                4.355E-01  2.444E-03  2.143E-03  3.216E-06  6.390E-22  2.149E-06
                2.095E-02  3.384E-03  8.121E-03  8.549E-03  9.208E-21  9.134E-03
                1.309E-01  8.940E-01  8.951E-04  1.000E-06  4.411E+00  3.093E-19
                1.061E-48  1.681E-05  6.766E-20  2.828E-04  1.676E-20  3.850E-04
                3.746E-21  5.627E-02  1.083E-01  3.935E-06  3.861E-09  4.801E-06
                1.448E-06  1.960E-02  1.760E-05  4.098E-03  3.379E-07  7.516E-01
                1.797E-02  1.095E+01  3.291E+01  5.486E+01  4.463E-21  2.548E-01
                4.256E-01  6.052E-01  2.912E-03  3.603E-03  1.139E-03  2.624E-01
                6.090E-49  1.621E+01  2.618E-04  2.663E-02  1.791E-06  1.487E-07
                5.904E-01  7.119E-03  1.220E+01  3.650E+01  5.310E-02  1.740E-01
                2.285E-04  1.576E-20  8.610E-01  1.224E+01  6.881E+01  8.248E-02
                7.706E-05  1.737E-20  2.796E-03  1.167E-21  4.087E-01  3.477E+01
                1.665E-01  2.843E-02  1.139E-03  1.844E-03  1.999E-01  1.105E-03
                2.960E-01  1.368E-03  6.868E-06  5.767E+01
2.97237641E+00  1.656E-23  3.257E-54  1.400E-08  1.058E-24  4.485E-08  1.248E-04
                2.288E-22  5.169E-53  4.589E-10  3.682E-23  6.803E-09  5.517E-23
                1.119E-08  6.248E-24  1.636E-06  4.875E-06  1.280E+00  3.862E+00
                6.475E+00  1.741E-21  3.449E-04  8.236E-04  3.003E-02  9.630E-02
                1.812E-01  2.373E-19  2.934E-02  5.309E-02  8.457E-02  3.632E-04
                1.032E-05  1.655E-04  9.571E-03  3.469E-50  1.837E-08  6.713E-03
                2.701E-04  4.083E-05  5.474E-03  6.471E-50  2.480E-01  1.414E-05
                1.635E-03  9.675E-08  5.317E-09  2.162E-02  7.849E-04  7.561E-06
                1.935E-02  4.082E-05  4.629E-03  1.216E-02  1.460E-06  1.770E-01
                5.968E-01  3.239E-03  2.938E-03  4.127E-06  7.437E-22  2.500E-06
                2.962E-02  4.504E-03  1.070E-02  1.097E-02  1.003E-20  1.296E-02
                1.826E-01  1.207E+00  1.249E-03  1.318E-06  4.645E+00  2.408E-19
                1.270E-48  2.277E-05  7.740E-20  3.679E-04  1.320E-20  4.878E-04
                4.682E-21  7.130E-02  1.495E-01  4.959E-06  4.587E-09  6.164E-06
                1.842E-06  2.709E-02  2.414E-05  5.529E-03  4.490E-07  1.014E+00
                2.297E-02  1.144E+01  3.438E+01  5.728E+01  4.419E-21  2.896E-01
                4.826E-01  6.852E-01  3.302E-03  3.795E-03  1.119E-03  2.968E-01
                6.542E-49  1.686E+01  2.949E-04  3.372E-02  2.018E-06  1.462E-07
                6.673E-01  7.308E-03  1.268E+01  3.794E+01  6.715E-02  1.809E-01
                2.585E-04  1.627E-20  9.046E-01  1.273E+01  7.147E+01  8.583E-02
                8.700E-05  2.323E-20  3.180E-03  1.575E-21  4.649E-01  3.621E+01
                1.923E-01  3.515E-02  1.316E-03  1.905E-03  2.324E-01  1.348E-03
                3.061E-01  1.590E-03  8.681E-06  5.956E+01
3.24296479E+00  4.043E-23  8.244E-54  3.028E-08  2.548E-24  8.958E-08  2.695E-04
                4.454E-22  1.239E-52  1.262E-09  7.853E-23  1.593E-08  1.120E-22
                2.571E-08  1.415E-23  3.757E-06  1.295E-05  1.345E+00  4.054E+00
                6.791E+00  1.768E-21  3.669E-04  9.975E-04  3.940E-02  1.252E-01
                2.313E-01  1.979E-19  3.618E-02  6.463E-02  1.011E-01  4.421E-04
                1.368E-05  1.682E-04  1.089E-02  4.470E-50  1.867E-08  8.479E-03
                3.215E-04  4.651E-05  6.544E-03  6.807E-50  3.166E-01  1.720E-05
                2.053E-03  1.177E-07  6.062E-09  2.461E-02  8.059E-04  8.586E-06
                2.463E-02  4.650E-05  5.615E-03  1.460E-02  1.859E-06  2.277E-01
                7.548E-01  4.080E-03  3.720E-03  4.959E-06  8.662E-22  2.851E-06
                3.826E-02  5.574E-03  1.315E-02  1.317E-02  1.054E-20  1.688E-02
                2.342E-01  1.510E+00  1.602E-03  1.617E-06  4.848E+00  1.925E-19
                1.474E-48  2.856E-05  8.674E-20  4.462E-04  1.049E-20  5.825E-04
                5.645E-21  8.514E-02  1.898E-01  5.957E-06  5.117E-09  7.424E-06
                2.205E-06  3.436E-02  3.067E-05  6.909E-03  5.650E-07  1.267E+00
                2.752E-02  1.185E+01  3.558E+01  5.926E+01  4.277E-21  3.190E-01
                5.309E-01  7.529E-01  3.632E-03  3.952E-03  1.091E-03  3.257E-01
                6.832E-49  1.739E+01  3.163E-04  4.022E-02  2.164E-06  1.427E-07
                7.318E-01  7.463E-03  1.308E+01  3.913E+01  8.005E-02  1.866E-01
                2.836E-04  1.635E-20  9.414E-01  1.313E+01  7.367E+01  8.860E-02
                9.533E-05  2.776E-20  3.505E-03  1.924E-21  5.125E-01  3.738E+01
                2.154E-01  4.168E-02  1.474E-03  1.955E-03  2.618E-01  1.580E-03
                3.144E-01  1.791E-03  1.034E-05  6.113E+01
3.51355317E+00  8.181E-23  1.736E-53  5.673E-08  5.155E-24  1.573E-07  5.043E-04
                7.529E-22  2.627E-52  2.829E-09  1.431E-22  3.145E-08  1.963E-22
                4.956E-08  2.692E-23  7.244E-06  2.835E-05  1.402E+00  4.223E+00
                7.069E+00  1.735E-21  3.865E-04  1.154E-03  4.860E-02  1.533E-01
                2.791E-01  1.671E-19  4.266E-02  7.543E-02  1.162E-01  5.160E-04
                1.696E-05  1.680E-04  1.220E-02  5.393E-50  1.864E-08  1.014E-02
                3.639E-04  5.056E-05  7.517E-03  7.150E-50  3.827E-01  1.979E-05
                2.485E-03  1.354E-07  6.596E-09  2.757E-02  8.245E-04  9.597E-06
                2.964E-02  5.055E-05  6.519E-03  1.683E-02  2.243E-06  2.769E-01
                9.061E-01  4.949E-03  4.469E-03  5.712E-06  1.010E-21  3.198E-06
                4.658E-02  6.580E-03  1.542E-02  1.516E-02  1.076E-20  2.078E-02
                2.842E-01  1.798E+00  1.943E-03  1.894E-06  5.026E+00  1.571E-19
                1.658E-48  3.408E-05  9.545E-20  5.231E-04  8.412E-21  6.699E-04
                6.601E-21  9.791E-02  2.281E-01  6.906E-06  5.482E-09  8.581E-06
                2.539E-06  4.120E-02  3.701E-05  8.215E-03  6.835E-07  1.507E+00
                3.166E-02  1.218E+01  3.659E+01  6.092E+01  4.079E-21  3.437E-01
                5.714E-01  8.099E-01  3.910E-03  4.084E-03  1.055E-03  3.496E-01
                6.981E-49  1.783E+01  3.276E-04  4.607E-02  2.241E-06  1.380E-07
                7.853E-01  7.593E-03  1.342E+01  4.013E+01  9.166E-02  1.914E-01
                3.044E-04  1.615E-20  9.727E-01  1.347E+01  7.553E+01  9.094E-02
                1.022E-04  3.092E-20  3.778E-03  2.198E-21  5.523E-01  3.837E+01
                2.359E-01  4.785E-02  1.614E-03  1.998E-03  2.882E-01  1.798E-03
                3.214E-01  1.972E-03  1.184E-05  6.245E+01
3.78414155E+00  1.445E-22  3.247E-53  9.553E-08  9.176E-24  2.510E-07  8.483E-04
                1.147E-21  5.112E-52  5.488E-09  2.324E-22  5.501E-08  3.084E-22
                8.447E-08  4.516E-23  1.235E-05  5.405E-05  1.452E+00  4.374E+00
                7.318E+00  1.664E-21  4.040E-04  1.306E-03  5.743E-02  1.802E-01
                3.242E-01  1.425E-19  4.878E-02  8.554E-02  1.303E-01  5.851E-04
                2.010E-05  1.661E-04  1.351E-02  6.275E-50  1.842E-08  1.168E-02
                3.996E-04  5.331E-05  8.443E-03  7.433E-50  4.456E-01  2.191E-05
                2.926E-03  1.499E-07  6.961E-09  3.053E-02  8.412E-04  1.062E-05
                3.429E-02  5.330E-05  7.383E-03  1.895E-02  2.600E-06  3.240E-01
                1.049E+00  5.834E-03  5.180E-03  6.415E-06  1.171E-21  3.544E-06
                5.442E-02  7.556E-03  1.762E-02  1.705E-02  1.076E-20  2.459E-02
                3.320E-01  2.068E+00  2.270E-03  2.157E-06  5.185E+00  1.304E-19
                1.834E-48  3.924E-05  1.034E-19  6.071E-04  6.800E-21  7.545E-04
                7.519E-21  1.103E-01  2.640E-01  7.798E-06  5.718E-09  9.735E-06
                2.872E-06  4.754E-02  4.307E-05  9.439E-03  8.028E-07  1.732E+00
                3.573E-02  1.247E+01  3.745E+01  6.234E+01  3.857E-21  3.645E-01
                6.054E-01  8.579E-01  4.142E-03  4.197E-03  1.011E-03  3.696E-01
                7.029E-49  1.822E+01  3.311E-04  5.126E-02  2.265E-06  1.324E-07
                8.302E-01  7.704E-03  1.371E+01  4.099E+01  1.020E-01  1.956E-01
                3.218E-04  1.578E-20  9.996E-01  1.377E+01  7.712E+01  9.294E-02
                1.080E-04  3.287E-20  4.006E-03  2.397E-21  5.856E-01  3.921E+01
                2.539E-01  5.365E-02  1.738E-03  2.034E-03  3.118E-01  2.001E-03
                3.275E-01  2.133E-03  1.316E-05  6.358E+01
4.05472993E+00  2.307E-22  5.452E-53  1.483E-07  1.482E-23  3.720E-07  1.316E-03
                1.614E-21  9.117E-52  9.556E-09  3.464E-22  8.780E-08  4.462E-22
                1.314E-07  6.894E-23  1.921E-05  9.286E-05  1.498E+00  4.510E+00
                7.542E+00  1.571E-21  4.198E-04  1.476E-03  6.580E-02  2.055E-01
                3.662E-01  1.225E-19  5.492E-02  9.565E-02  1.443E-01  6.543E-04
                2.306E-05  1.630E-04  1.481E-02  7.142E-50  1.807E-08  1.308E-02
                4.322E-04  5.506E-05  9.312E-03  7.791E-50  5.050E-01  2.361E-05
                3.369E-03  1.615E-07  7.195E-09  3.347E-02  8.562E-04  1.163E-05
                3.858E-02  5.504E-05  8.205E-03  2.094E-02  2.925E-06  3.685E-01
                1.184E+00  6.723E-03  5.849E-03  7.089E-06  1.346E-21  3.886E-06
                6.172E-02  8.485E-03  1.970E-02  1.884E-02  1.060E-20  2.827E-02
                3.772E-01  2.321E+00  2.580E-03  2.410E-06  5.329E+00  1.098E-19
                2.003E-48  4.405E-05  1.106E-19  7.069E-04  5.538E-21  8.362E-04
                8.377E-21  1.222E-01  2.973E-01  8.628E-06  5.856E-09  1.075E-05
                3.164E-06  5.336E-02  4.881E-05  1.058E-02  9.213E-07  1.942E+00
                3.937E-02  1.272E+01  3.819E+01  6.357E+01  3.628E-21  3.818E-01
                6.339E-01  8.980E-01  4.337E-03  4.294E-03  9.635E-04  3.863E-01
                7.027E-49  1.855E+01  3.284E-04  5.583E-02  2.246E-06  1.263E-07
                8.676E-01  7.800E-03  1.396E+01  4.174E+01  1.111E-01  1.992E-01
                3.363E-04  1.530E-20  1.023E+00  1.402E+01  7.851E+01  9.469E-02
                1.128E-04  3.385E-20  4.196E-03  2.530E-21  6.134E-01  3.993E+01
                2.699E-01  5.905E-02  1.847E-03  2.066E-03  3.330E-01  2.190E-03
                3.327E-01  2.278E-03  1.433E-05  6.456E+01
4.32531831E+00  3.408E-22  8.554E-53  2.161E-07  2.218E-23  5.203E-07  1.915E-03
                2.138E-21  1.522E-51  1.532E-08  4.835E-22  1.304E-07  6.057E-22
                1.909E-07  9.797E-23  2.790E-05  1.473E-04  1.540E+00  4.634E+00
                7.746E+00  1.468E-21  4.342E-04  1.669E-03  7.368E-02  2.292E-01
                4.052E-01  1.061E-19  6.075E-02  1.052E-01  1.574E-01  7.196E-04
                2.582E-05  1.591E-04  1.610E-02  7.886E-50  1.764E-08  1.436E-02
                4.652E-04  5.604E-05  1.006E-02  8.140E-50  5.608E-01  2.493E-05
                3.810E-03  1.705E-07  7.331E-09  3.638E-02  8.699E-04  1.262E-05
                4.250E-02  5.602E-05  8.944E-03  2.266E-02  3.217E-06  4.106E-01
                1.310E+00  7.608E-03  6.477E-03  7.665E-06  1.528E-21  4.224E-06
                6.846E-02  9.308E-03  2.153E-02  2.044E-02  1.033E-20  3.180E-02
                4.199E-01  2.557E+00  2.871E-03  2.631E-06  5.459E+00  9.361E-20
                2.166E-48  4.851E-05  1.170E-19  8.308E-04  4.540E-21  9.089E-04
                9.159E-21  1.328E-01  3.281E-01  9.396E-06  5.921E-09  1.162E-05
                3.418E-06  5.866E-02  5.423E-05  1.164E-02  1.038E-06  2.138E+00
                4.255E-02  1.294E+01  3.884E+01  6.465E+01  3.403E-21  3.964E-01
                6.577E-01  9.317E-01  4.500E-03  4.379E-03  9.139E-04  4.002E-01
                6.997E-49  1.885E+01  3.211E-04  5.988E-02  2.197E-06  1.198E-07
                8.988E-01  7.884E-03  1.418E+01  4.240E+01  1.192E-01  2.024E-01
                3.484E-04  1.477E-20  1.043E+00  1.424E+01  7.973E+01  9.622E-02
                1.169E-04  3.408E-20  4.355E-03  2.608E-21  6.366E-01  4.057E+01
                2.840E-01  6.405E-02  1.943E-03  2.093E-03  3.519E-01  2.364E-03
                3.373E-01  2.408E-03  1.537E-05  6.542E+01
