2J P   S L   CF   NI       ENERGY(RYD)
 0 0   1 0    1    1        0.00000000       
 2 0   3 0    2    1       41.25257474       
 0 1  -3 1    3    4       41.80790574       
 2 1  -3 1    3    2       41.81115952       
 4 1  -3 1    3    1       41.81781232       
 0 0   1 0    2    2       41.87221486       
 2 1  -1 1    3    3       42.24746597       
 2 0   3 0    4    1       48.69067562       
 0 1  -3 1    5    4       48.83949385       
 2 1  -3 1    5    2       48.84039053       
 4 1  -3 1    5    1       48.84223066       
 0 0   1 0    4    2       48.85148213       
 2 0   3 2    6    4       48.92313926       
 4 0   3 2    6    2       48.92346444       
 6 0   3 2    6    1       48.92404385       
 4 0   1 2    6    3       48.92885894       
 2 1  -1 1    5    3       48.95985933       
 0 0   0 0    0    0     -118.31154422
