 S L P   CF   NI       ENERGY(RYD)
 1 0 0    1    1          0.000000       
 3 0 0    2    1         41.252575       
 3 1 1    3    1         41.814511       
 1 0 0    2    2         41.872215       
 1 1 1    3    2         42.247418       
 3 0 0    4    1         48.690676       
 3 1 1    5    1         48.841318       
 1 0 0    4    2         48.851482       
 3 2 0    6    1         48.923682       
 1 2 0    6    2         48.928822       
 1 1 1    5    2         48.959843       
 0 0 0    0    0       -118.311544
