2J P   S L   CF   NI       ENERGY(RYD)
 0 0   1 0    1    1        0.00000000       
 2 0   3 0    2    1        1.46103348       
 0 0   1 0    2    2        1.54629069       
 0 1  -3 1    3    4        1.55047004       
 2 1  -3 1    3    2        1.55047313       
 4 1  -3 1    3    1        1.55047933       
 2 1  -1 1    3    3        1.58374038       
 2 0   3 0    4    1        1.68417303       
 0 1  -3 1    5    4        1.70482953       
 2 1  -3 1    5    2        1.70483027       
 4 1  -3 1    5    1        1.70483174       
 0 0   1 0    4    2        1.70705924       
 2 0   3 2    6    4        1.71093597       
 4 0   3 2    6    2        1.71093623       
 6 0   3 2    6    1        1.71093663       
 4 0   1 2    6    3        1.71109193       
 2 1  -1 1    5    3        1.71561029       
 0 0   0 0    0    0       -5.72246403
