S.S. Automatically generated ADAS8#3 stg2 input
 &STG2A RELOP='TCC' IDWOUT=2 &END
 &STG2B MAXORB=6 NELC=2 NAST=11 INAST=0 MINLT=0 MAXLT=17 MINST=2 MAXST=4 &END
 1 0 2 0 2 1 3 0 3 1 3 2
  6
  1 0 0 0 0 0
  2 1 1 1 1 1
  2 0 0 0 0 0  0
  1 1 0 0 0 0  0
  1 0 1 0 0 0  0
  1 0 0 1 0 0  0
  1 0 0 0 1 0  0
  1 0 0 0 0 1  0
 1 0 0    1    1          0.000000       
 3 0 0    2    1         41.252575       
 3 1 1    3    1         41.814511       
 1 0 0    2    2         41.872215       
 1 1 1    3    2         42.247418       
 3 0 0    4    1         48.690676       
 3 1 1    5    1         48.841318       
 1 0 0    4    2         48.851482       
 3 2 0    6    1         48.923682       
 1 2 0    6    2         48.928822       
 1 1 1    5    2         48.959843       
20
 1 0 0 0 0 0
 2 2 2 2 2 2
 2 1 0 0 0 0  0
 2 0 1 0 0 0  0
 2 0 0 1 0 0  0
 2 0 0 0 1 0  0
 2 0 0 0 0 1  0
 1 2 0 0 0 0  0
 1 1 1 0 0 0  0
 1 1 0 1 0 0  0
 1 1 0 0 1 0  0
 1 1 0 0 0 1  0
 1 0 2 0 0 0  0
 1 0 1 1 0 0  0
 1 0 1 0 1 0  0
 1 0 1 0 0 1  0
 1 0 0 2 0 0  0
 1 0 0 1 1 0  0
 1 0 0 1 0 1  0
 1 0 0 0 2 0  0
 1 0 0 0 1 1  0
 1 0 0 0 0 2  0
