   11 LS TERMS                   

   TERM   2S+1      L     PI     ENERGY(RYD)   ORIG. TERM #
      1      1      0      0       0.0000000              1
      2      3      0      0      41.2525748              4
      3      3      1      1      41.8145110              6
      4      1      0      0      41.8722143              2
      5      1      1      1      42.2474183              8
      6      3      0      0      48.6906750              5
      7      3      1      1      48.8413172              7
      8      1      0      0      48.8514816              3
      9      3      2      0      48.9236819             10
     10      1      2      0      48.9288222             11
     11      1      1      1      48.9598424              9

   17 J LEVELS

  LEVEL     2J     PI     ENERGY(RYD)  ORIG. LEVEL #
      1      0      0       0.0000000              1
      2      2      0      41.2525748              2
      3      0      1      41.8079059              3
      4      2      1      41.8111596              4
      5      4      1      41.8178124              5
      6      0      0      41.8722143              6
      7      2      1      42.2474659              7
      8      2      0      48.6906750              8
      9      0      1      48.8394934              9
     10      2      1      48.8403901             10
     11      4      1      48.8422302             11
     12      0      0      48.8514816             12
     13      2      0      48.9231392             13
     14      4      0      48.9234643             14
     15      6      0      48.9240437             15
     16      4      0      48.9288588             16
     17      2      1      48.9598589             17

  RECOUPLING MATRIX: ROWS ARE J LEVELS, COLUMNS ARE LS TERMS

 LEVEL   #         LS TERM #S/COEFFICIENTS

    1    1    1  1.00000000000000

    2    1    2  1.00000000000000

    3    2    3  0.99999989217064    7  0.00046439068333

    4    4    3  0.99994452967161    5  0.01052442255610    7  0.00023571846345   11  0.00034430582375

    5    2    3  0.99999997298761    7 -0.00023243231601

    6    1    4 -1.00000000000000

    7    3    3  0.01052450192534    5 -0.99994455775361    7 -0.00034097477817

    8    1    6 -1.00000000000000

    9    2    3 -0.00046439067177    7  0.99999989217064

   10    4    3  0.00023603684974    5  0.00034341238113    7 -0.99993460472101   11 -0.01142858853857

   11    2    3  0.00023243232604    7  0.99999997298761

   12    1    8  1.00000000000000

   13    1    9  1.00000000000000

   14    2    9  0.99659682989413   10  0.08243032600308

   15    1    9  1.00000000000000

   16    2    9 -0.08243029818751   10  0.99659683219480

   17    3    3 -0.00034165137274    7 -0.01142866813116   11  0.99993463226471
