           8           2
          11           1          55
           1           0           3           0          -3           1           1           0          -1           1           3           0          -3           1           1           0           3           2           1           2          -1           1
    0.000000E+00    1.145905E+00    1.161514E+00    1.163117E+00    1.173539E+00
    1.352519E+00    1.356703E+00    1.356986E+00    1.358991E+00    1.359134E+00
    1.359996E+00
1.00000000E+06  0.000E+00  0.000E+00  1.447E-02 -1.190E+00  0.000E+00  0.000E+00
                3.246E-03  0.000E+00  1.773E-03 -2.297E-01 -3.641E+01  0.000E+00
                0.000E+00  2.504E-01 -8.851E+00  0.000E+00  8.438E-01  0.000E+00
                0.000E+00  0.000E+00  0.000E+00 -1.530E+00  9.307E-01  0.000E+00
               -5.810E+01  0.000E+00  0.000E+00 -1.280E+01  0.000E+00  0.000E+00
                1.183E-01  0.000E+00  3.228E-01 -3.926E+00  0.000E+00  0.000E+00
               -7.140E-01  0.000E+00 -2.230E+01  4.030E-01 -2.283E+02  0.000E+00
                3.055E+00  0.000E+00  0.000E+00  0.000E+00 -2.926E+02  0.000E+00
                0.000E+00  0.000E+00  9.766E-01 -7.426E+01  0.000E+00  0.000E+00
               -9.460E+01
           8           2
          11           1         -55
           1           0           3           0          -3           1           1           0          -1           1           3           0          -3           1           1           0           3           2           1           2          -1           1
    0.000000E+00    1.145905E+00    1.161514E+00    1.163117E+00    1.173539E+00
    1.352519E+00    1.356703E+00    1.356986E+00    1.358991E+00    1.359134E+00
    1.359996E+00
1.00000000E+06  0.000E+00  0.000E+00 -3.641E+01  1.447E-02  0.000E+00  0.000E+00
               -1.190E+00  0.000E+00  0.000E+00 -1.280E+01  0.000E+00  2.504E-01
               -1.530E+00  0.000E+00  0.000E+00  0.000E+00 -8.851E+00  9.307E-01
                0.000E+00  0.000E+00 -2.283E+02  3.246E-03  0.000E+00  0.000E+00
                1.183E-01 -7.140E-01  0.000E+00  0.000E+00  0.000E+00  8.438E-01
               -5.810E+01  0.000E+00  0.000E+00  3.055E+00 -2.926E+02  0.000E+00
                1.773E-03  0.000E+00  0.000E+00  3.228E-01 -2.230E+01  0.000E+00
                0.000E+00  9.766E-01  0.000E+00 -2.297E-01  0.000E+00  0.000E+00
               -3.926E+00  4.030E-01  0.000E+00  0.000E+00 -7.426E+01  0.000E+00
               -9.460E+01
