           8           2
          17           1         136
   0           1   0           3   0          -1   0          -3   0          -5   0           1   0          -3   0           3   0          -1   0          -3   0          -5   0           1   0           3   0           5   0           7   0           5   0          -3
    0.000000E+00    1.145905E+00    1.161331E+00    1.161421E+00    1.161606E+00
    1.163117E+00    1.173541E+00    1.352519E+00    1.356653E+00    1.356678E+00
    1.356729E+00    1.356986E+00    1.358976E+00    1.358985E+00    1.359001E+00
    1.359135E+00    1.359996E+00
1.00000000E+06  0.000E+00  0.000E+00 -1.357E-04  0.000E+00  1.447E-02 -1.190E+00
                0.000E+00  0.000E+00 -2.603E-05  0.000E+00  3.246E-03  0.000E+00
                1.204E-05  0.000E+00  1.760E-03 -2.296E-01 -4.044E+00 -1.213E+01
               -2.023E+01  0.000E+00 -1.388E-03  2.504E-01 -9.853E-01 -2.953E+00
               -4.912E+00  0.000E+00  1.688E-01  2.794E-01  3.938E-01  1.911E-03
               -3.400E-04  0.000E+00  8.945E-02  0.000E+00  0.000E+00 -1.680E-01
                8.489E-02  0.000E+00  1.807E-02  0.000E+00 -6.442E+00  0.000E+00
                1.993E-02  0.000E+00  0.000E+00  2.013E-01 -1.367E-03  6.816E-05
               -5.069E-01  0.000E+00  2.688E-01  4.076E-02 -3.512E-05 -4.836E+00
               -1.444E+01  3.989E-02 -7.170E-02  1.335E-05  0.000E+00  2.272E-05
               -8.547E-01  1.825E-02  4.102E-02  4.589E-01  0.000E+00 -3.231E-01
               -4.813E+00 -2.714E+01 -3.293E-02  4.925E-06 -1.280E+01  0.000E+00
                0.000E+00 -5.699E-04  0.000E+00  1.183E-01  0.000E+00  2.194E-03
                0.000E+00  3.206E-01 -3.925E+00 -1.100E-04  0.000E+00  2.135E-05
                6.291E-06 -7.140E-01 -6.171E-04 -1.200E-01  4.992E-06 -2.218E+01
                4.030E-01 -2.537E+01 -7.611E+01 -1.268E+02  0.000E+00  6.109E-01
                1.011E+00  1.425E+00  6.918E-03 -9.893E-03  0.000E+00  6.187E-01
                0.000E+00 -3.253E+01  0.000E+00  1.151E-01  0.000E+00  0.000E+00
                1.392E+00 -9.757E-03 -2.439E+01 -7.282E+01  2.301E-01 -3.512E-01
                5.394E-04  0.000E+00 -1.625E+00 -2.421E+01 -1.365E+02 -1.656E-01
                1.801E-04  0.000E+00  6.636E-03  0.000E+00  9.700E-01 -7.425E+01
                5.303E-01  1.424E-01  3.628E-03 -3.101E-03  6.809E-01  5.116E-03
               -4.978E-01  4.658E-03  2.947E-05 -9.410E+01
           8           2
          17           1        -136
   0           1   0           3   0          -1   0          -3   0          -5   0           1   0          -3   0           3   0          -1   0          -3   0          -5   0           1   0           3   0           5   0           7   0           5   0          -3
    0.000000E+00    1.145905E+00    1.161331E+00    1.161421E+00    1.161606E+00
    1.163117E+00    1.173541E+00    1.352519E+00    1.356653E+00    1.356678E+00
    1.356729E+00    1.356986E+00    1.358976E+00    1.358985E+00    1.359001E+00
    1.359135E+00    1.359996E+00
1.00000000E+06  0.000E+00  0.000E+00 -4.044E+00 -1.357E-04 -1.213E+01  0.000E+00
                0.000E+00 -2.023E+01  8.945E-02  2.013E-01  1.447E-02  0.000E+00
                0.000E+00 -1.367E-03  0.000E+00 -1.190E+00 -1.388E-03  0.000E+00
                6.816E-05  2.272E-05 -1.280E+01  0.000E+00  2.504E-01 -1.680E-01
               -5.069E-01 -8.547E-01  0.000E+00 -1.100E-04  0.000E+00 -9.853E-01
                8.489E-02  0.000E+00  1.825E-02  0.000E+00  0.000E+00 -2.537E+01
               -2.603E-05 -2.953E+00  0.000E+00  2.688E-01  4.102E-02 -5.699E-04
                2.135E-05 -7.611E+01  0.000E+00  0.000E+00 -4.912E+00  1.807E-02
                4.076E-02  4.589E-01  0.000E+00  6.291E-06 -1.268E+02  6.187E-01
                1.392E+00  3.246E-03  0.000E+00  0.000E+00 -3.512E-05  0.000E+00
                1.183E-01 -7.140E-01  0.000E+00  0.000E+00 -9.757E-03  0.000E+00
                0.000E+00  1.688E-01 -6.442E+00 -4.836E+00 -3.231E-01  0.000E+00
               -6.171E-04  6.109E-01 -3.253E+01 -2.439E+01 -1.625E+00  0.000E+00
                1.204E-05  2.794E-01  0.000E+00 -1.444E+01 -4.813E+00  2.194E-03
               -1.200E-01  1.011E+00  0.000E+00 -7.282E+01 -2.421E+01  6.636E-03
                5.303E-01  0.000E+00  3.938E-01  1.993E-02  3.989E-02 -2.714E+01
                0.000E+00  4.992E-06  1.425E+00  1.151E-01  2.301E-01 -1.365E+02
                0.000E+00  1.424E-01  6.809E-01  1.760E-03  1.911E-03  0.000E+00
               -7.170E-02 -3.293E-02  3.206E-01 -2.218E+01  6.918E-03  0.000E+00
               -3.512E-01 -1.656E-01  9.700E-01  3.628E-03  5.116E-03  4.658E-03
               -2.296E-01 -3.400E-04  0.000E+00  1.335E-05  4.925E-06 -3.925E+00
                4.030E-01 -9.893E-03  0.000E+00  5.394E-04  1.801E-04 -7.425E+01
               -3.101E-03 -4.978E-01  2.947E-05 -9.410E+01
